6.768441028594970321e-01
5.434727978706359597e-01
4.468610372543335152e-01
4.338305742740631299e-01
4.279254415035247949e-01
4.231569437980651771e-01
4.185078763961792014e-01
4.137043321132660156e-01
4.083061335086822785e-01
4.030455784797668528e-01
3.990202376842498788e-01
3.953662080764770437e-01
3.912035286426543967e-01
3.882688031196594447e-01
3.843412113189696999e-01
3.816736583709716690e-01
3.794714839458465661e-01
3.761828536987304461e-01
3.748971874713897812e-01
3.721095056533813561e-01
3.713425636291504128e-01
3.691414065361022789e-01
3.677508840560912984e-01
3.674299571514129670e-01
3.655430951118469052e-01
3.637966849803924707e-01
3.631793065071106108e-01
3.620478434562683367e-01
3.616175737380981636e-01
3.604476842880249277e-01
3.595450727939605851e-01
3.587115950584411350e-01
3.588020782470703329e-01
3.579120669364929119e-01
3.568907305002212427e-01
3.564493286609649592e-01
3.556617136001586910e-01
3.556505918502807506e-01
3.554508104324340945e-01
3.545276513099670512e-01
3.529606447219848508e-01
3.537101299762726025e-01
3.525688266754150590e-01
3.520742976665496848e-01
3.521656832695007067e-01
3.517162446975707901e-01
3.510020959377289085e-01
3.512875823974609402e-01
3.510041396617889498e-01
3.493936669826507302e-01
3.496224508285522559e-01
3.485738065242767192e-01
3.478007235527038610e-01
3.481944017410278369e-01
3.474891562461853156e-01
3.479233195781707977e-01
3.480635833740234331e-01
3.477206139564514298e-01
3.471714978218078396e-01
3.472146496772766100e-01
3.464424231052398717e-01
3.466489830017089879e-01
3.457610025405883913e-01
3.463467648029327495e-01
3.455676609277725242e-01
3.455833926200866935e-01
3.471276962757110507e-01
3.448887040615081778e-01
3.449292891025543262e-01
3.449654359817505012e-01
3.456321487426757821e-01
3.441815614700317605e-01
3.438941011428833239e-01
3.447966337203979270e-01
3.442447688579559073e-01
3.436355154514312837e-01
3.433450756072998211e-01
3.437806317806244016e-01
3.438799412250518883e-01
3.435827288627624765e-01
3.421451928615569793e-01
3.423761732578277650e-01
3.426870141029357830e-01
3.430931200981139906e-01
3.420587506294250346e-01
3.429727253913879559e-01
3.421578414440155091e-01
3.420875823497772084e-01
3.417177052497863965e-01
3.420905776023864808e-01
3.420807740688324161e-01
3.413056886196136341e-01
3.411030464172363219e-01
3.414411730766296338e-01
3.413054633140564231e-01
3.408417279720306614e-01
3.422280352115630864e-01
3.424804992675781201e-01
3.413688676357269358e-01
3.404308691024780509e-01
3.406506121158600076e-01
3.414229707717895690e-01
3.401182963848113916e-01
3.403768677711486723e-01
3.410930502414703525e-01
3.402867586612701167e-01
3.407762074470520042e-01
3.406521817445755107e-01
3.400980279445648402e-01
3.402330985069275116e-01
3.393885638713836639e-01
3.399992840290069762e-01
3.396801476478576443e-01
3.415312521457672390e-01
3.398495893478393759e-01
3.403278315067291282e-01
3.396521611213684233e-01
3.392888281345367574e-01
3.399879469871521231e-01
3.397812821865081601e-01
3.399498987197875910e-01
3.403025133609771657e-01
3.390814995765685791e-01
3.390372600555419669e-01
3.398440375328063978e-01
3.394872105121612416e-01
3.393962836265563832e-01
3.389239699840545517e-01
3.395168149471283203e-01
3.388733799457550044e-01
3.397688670158386381e-01
3.391081154346465842e-01
3.384313561916351132e-01
3.388161976337432657e-01
3.404021811485290483e-01
3.393110818862914990e-01
3.385444509983062678e-01
3.383590798377990594e-01
3.380204827785491806e-01
3.390414204597473335e-01
3.392529408931732049e-01
3.398012731075286674e-01
3.385528891086578285e-01
3.381594803333282662e-01
3.381682741641998113e-01
3.383416221141815061e-01
3.378890480995178081e-01
3.382432854175567716e-01
3.374228212833404461e-01
3.392070899009704821e-01
3.385425863265991153e-01
3.382102668285369984e-01
3.383611230850219753e-01
3.385465159416198855e-01
3.386028070449829119e-01
3.371900618076324463e-01
3.381286861896514728e-01
3.371638393402099365e-01
3.386008059978485307e-01
3.376283502578735218e-01
3.382981090545654212e-01
3.378293004035949898e-01
3.373307805061340203e-01
3.376179132461548105e-01
3.378118531703949157e-01
3.388587527275085387e-01
3.380297236442565967e-01
3.387665045261383234e-01
3.376832036972046147e-01
3.374366986751556330e-01
3.395100688934326039e-01
3.377547318935394394e-01
3.373501183986663543e-01
3.377761750221252579e-01
3.377532248497009393e-01
3.372794928550720273e-01
3.383492252826690860e-01
3.375383639335632346e-01
3.376817052364349259e-01
3.368364446163177317e-01
3.369828789234161626e-01
3.371110502481460824e-01
3.376262378692627131e-01
3.368569594621658170e-01
3.369521720409393573e-01
3.375968952178954874e-01
3.375320456027984806e-01
3.378768625259399583e-01
3.364408318996429670e-01
3.372054492235183609e-01
3.363797814846039014e-01
3.367765784263611062e-01
3.367250471115112442e-01
3.365723309516907014e-01
3.378246674537658811e-01
3.367433884143829492e-01
3.375798180103302126e-01
3.361193082332610826e-01
3.369091448783874676e-01
3.360807912349700888e-01
