7.960000000000000409e-01
7.960000000000000409e-01
7.960000000000000409e-01
7.960000000000000409e-01
7.960000000000000409e-01
7.960000000000000409e-01
7.960000000000000409e-01
7.960000000000000409e-01
7.960000000000000409e-01
7.960000000000000409e-01
7.960000000000000409e-01
7.960000000000000409e-01
7.960000000000000409e-01
7.960000000000000409e-01
7.960000000000000409e-01
7.960000000000000409e-01
7.960000000000000409e-01
7.960000000000000409e-01
7.960000000000000409e-01
7.960000000000000409e-01
7.960000000000000409e-01
7.960000000000000409e-01
7.960000000000000409e-01
7.960000000000000409e-01
7.960000000000000409e-01
7.960000000000000409e-01
7.960000000000000409e-01
7.960000000000000409e-01
7.960000000000000409e-01
7.960000000000000409e-01
7.960000000000000409e-01
7.960000000000000409e-01
7.960000000000000409e-01
7.960000000000000409e-01
7.960000000000000409e-01
7.960000000000000409e-01
7.960000000000000409e-01
7.960000000000000409e-01
7.960000000000000409e-01
7.960000000000000409e-01
7.960000000000000409e-01
7.960000000000000409e-01
7.960000000000000409e-01
7.960000000000000409e-01
7.960000000000000409e-01
7.960000000000000409e-01
7.960000000000000409e-01
7.960000000000000409e-01
7.960000000000000409e-01
7.960000000000000409e-01
7.960000000000000409e-01
7.960000000000000409e-01
7.960000000000000409e-01
7.960000000000000409e-01
7.960000000000000409e-01
7.960000000000000409e-01
7.960000000000000409e-01
7.960000000000000409e-01
7.960000000000000409e-01
7.960000000000000409e-01
7.960000000000000409e-01
7.960000000000000409e-01
7.960000000000000409e-01
7.960000000000000409e-01
7.960000000000000409e-01
7.960000000000000409e-01
7.960000000000000409e-01
7.960000000000000409e-01
7.960000000000000409e-01
7.960000000000000409e-01
7.960000000000000409e-01
7.960000000000000409e-01
7.960000000000000409e-01
7.960000000000000409e-01
7.960000000000000409e-01
7.960000000000000409e-01
7.960000000000000409e-01
7.960000000000000409e-01
7.960000000000000409e-01
7.960000000000000409e-01
7.960000000000000409e-01
7.960000000000000409e-01
7.960000000000000409e-01
7.960000000000000409e-01
7.960000000000000409e-01
7.960000000000000409e-01
7.960000000000000409e-01
7.960000000000000409e-01
8.157499999999999751e-01
8.462499999999999467e-01
8.536249999999999671e-01
8.525000000000000355e-01
8.542499999999999538e-01
8.595000000000000417e-01
8.576249999999999707e-01
8.588750000000000551e-01
8.602499999999999591e-01
8.589999999999999858e-01
8.593750000000000000e-01
8.596249999999999725e-01
8.611250000000000293e-01
8.598749999999999449e-01
8.586249999999999716e-01
8.613750000000000018e-01
8.603750000000000009e-01
8.596249999999999725e-01
8.621250000000000302e-01
8.618749999999999467e-01
8.618749999999999467e-01
8.617500000000000160e-01
8.613750000000000018e-01
8.623750000000000027e-01
8.601250000000000284e-01
8.618749999999999467e-01
8.591250000000000275e-01
8.627500000000000169e-01
8.617500000000000160e-01
8.603750000000000009e-01
8.611250000000000293e-01
8.628749999999999476e-01
8.628749999999999476e-01
8.593750000000000000e-01
8.613750000000000018e-01
8.652499999999999636e-01
8.611250000000000293e-01
8.621250000000000302e-01
8.631250000000000311e-01
8.625000000000000444e-01
8.623750000000000027e-01
8.652499999999999636e-01
8.632499999999999618e-01
8.641250000000000320e-01
8.642499999999999627e-01
8.616249999999999742e-01
8.637500000000000178e-01
8.641250000000000320e-01
8.638749999999999485e-01
8.652499999999999636e-01
8.615000000000000435e-01
8.641250000000000320e-01
8.648749999999999494e-01
8.642499999999999627e-01
8.635000000000000453e-01
8.627500000000000169e-01
8.605000000000000426e-01
8.653750000000000053e-01
8.618749999999999467e-01
8.619999999999999885e-01
8.629999999999999893e-01
8.622499999999999609e-01
8.633750000000000036e-01
8.642499999999999627e-01
8.628749999999999476e-01
8.633750000000000036e-01
8.612499999999999600e-01
8.638749999999999485e-01
8.608749999999999458e-01
8.623750000000000027e-01
8.611250000000000293e-01
8.631250000000000311e-01
8.639999999999999902e-01
8.645000000000000462e-01
8.632499999999999618e-01
8.632499999999999618e-01
8.652499999999999636e-01
8.641250000000000320e-01
8.625000000000000444e-01
8.633750000000000036e-01
8.631250000000000311e-01
8.625000000000000444e-01
8.646249999999999769e-01
8.631250000000000311e-01
8.637500000000000178e-01
8.648749999999999494e-01
8.631250000000000311e-01
8.637500000000000178e-01
8.652499999999999636e-01
8.616249999999999742e-01
8.629999999999999893e-01
8.635000000000000453e-01
8.647500000000000187e-01
8.646249999999999769e-01
8.627500000000000169e-01
8.637500000000000178e-01
8.635000000000000453e-01
8.645000000000000462e-01
8.627500000000000169e-01
8.639999999999999902e-01
8.626249999999999751e-01
8.608749999999999458e-01
8.633750000000000036e-01
8.637500000000000178e-01
8.627500000000000169e-01
8.651250000000000329e-01
8.629999999999999893e-01
8.628749999999999476e-01
8.616249999999999742e-01
8.663750000000000062e-01
8.638749999999999485e-01
8.651250000000000329e-01
