7.960000000000000409e-01
7.960000000000000409e-01
7.960000000000000409e-01
7.960000000000000409e-01
7.960000000000000409e-01
7.960000000000000409e-01
7.960000000000000409e-01
7.960000000000000409e-01
7.960000000000000409e-01
7.960000000000000409e-01
7.960000000000000409e-01
8.456249999999999600e-01
8.529999999999999805e-01
8.539999999999999813e-01
8.572499999999999565e-01
8.551250000000000240e-01
8.565000000000000391e-01
8.577500000000000124e-01
8.583749999999999991e-01
8.578750000000000542e-01
8.578750000000000542e-01
8.565000000000000391e-01
8.579999999999999849e-01
8.617500000000000160e-01
8.591250000000000275e-01
8.615000000000000435e-01
8.629999999999999893e-01
8.591250000000000275e-01
8.617500000000000160e-01
8.619999999999999885e-01
8.632499999999999618e-01
8.612499999999999600e-01
8.622499999999999609e-01
8.623750000000000027e-01
8.633750000000000036e-01
8.591250000000000275e-01
8.632499999999999618e-01
8.638749999999999485e-01
8.623750000000000027e-01
8.627500000000000169e-01
8.638749999999999485e-01
8.636249999999999760e-01
8.632499999999999618e-01
8.648749999999999494e-01
8.631250000000000311e-01
8.646249999999999769e-01
8.635000000000000453e-01
8.661250000000000338e-01
8.636249999999999760e-01
8.627500000000000169e-01
8.657500000000000195e-01
8.637500000000000178e-01
8.635000000000000453e-01
8.628749999999999476e-01
8.647500000000000187e-01
8.641250000000000320e-01
8.645000000000000462e-01
8.657500000000000195e-01
8.655000000000000471e-01
8.643750000000000044e-01
8.652499999999999636e-01
8.626249999999999751e-01
8.673750000000000071e-01
8.645000000000000462e-01
8.649999999999999911e-01
8.638749999999999485e-01
8.655000000000000471e-01
8.655000000000000471e-01
8.656249999999999778e-01
8.648749999999999494e-01
8.668749999999999512e-01
8.646249999999999769e-01
8.659999999999999920e-01
8.657500000000000195e-01
8.652499999999999636e-01
8.643750000000000044e-01
8.659999999999999920e-01
8.638749999999999485e-01
8.648749999999999494e-01
8.651250000000000329e-01
8.652499999999999636e-01
8.659999999999999920e-01
8.667500000000000204e-01
8.661250000000000338e-01
8.657500000000000195e-01
8.678749999999999520e-01
8.627500000000000169e-01
8.661250000000000338e-01
8.648749999999999494e-01
8.656249999999999778e-01
8.658749999999999503e-01
8.635000000000000453e-01
8.657500000000000195e-01
8.656249999999999778e-01
8.667500000000000204e-01
8.662499999999999645e-01
8.663750000000000062e-01
8.672499999999999654e-01
8.661250000000000338e-01
8.663750000000000062e-01
8.668749999999999512e-01
8.643750000000000044e-01
8.672499999999999654e-01
8.655000000000000471e-01
8.678749999999999520e-01
8.657500000000000195e-01
8.631250000000000311e-01
8.666249999999999787e-01
8.685000000000000497e-01
8.659999999999999920e-01
8.653750000000000053e-01
8.669999999999999929e-01
8.672499999999999654e-01
8.681250000000000355e-01
8.665000000000000480e-01
8.653750000000000053e-01
8.658749999999999503e-01
8.679999999999999938e-01
8.668749999999999512e-01
8.666249999999999787e-01
8.657500000000000195e-01
8.647500000000000187e-01
8.639999999999999902e-01
8.665000000000000480e-01
8.645000000000000462e-01
8.682499999999999662e-01
8.671250000000000346e-01
8.668749999999999512e-01
8.677500000000000213e-01
8.688749999999999529e-01
8.678749999999999520e-01
8.676249999999999796e-01
8.662499999999999645e-01
8.663750000000000062e-01
8.681250000000000355e-01
8.668749999999999512e-01
8.669999999999999929e-01
8.665000000000000480e-01
8.669999999999999929e-01
8.686249999999999805e-01
8.685000000000000497e-01
8.675000000000000488e-01
8.687500000000000222e-01
8.679999999999999938e-01
8.678749999999999520e-01
8.672499999999999654e-01
8.666249999999999787e-01
8.675000000000000488e-01
8.692499999999999671e-01
8.691250000000000364e-01
8.679999999999999938e-01
8.679999999999999938e-01
8.667500000000000204e-01
8.668749999999999512e-01
8.678749999999999520e-01
8.677500000000000213e-01
8.681250000000000355e-01
8.686249999999999805e-01
8.692499999999999671e-01
8.693750000000000089e-01
8.695000000000000506e-01
8.686249999999999805e-01
8.658749999999999503e-01
8.673750000000000071e-01
8.676249999999999796e-01
8.688749999999999529e-01
8.697500000000000231e-01
8.698749999999999538e-01
8.707500000000000240e-01
8.675000000000000488e-01
8.688749999999999529e-01
8.679999999999999938e-01
8.709999999999999964e-01
8.681250000000000355e-01
8.679999999999999938e-01
8.669999999999999929e-01
8.698749999999999538e-01
8.696249999999999813e-01
8.699999999999999956e-01
8.681250000000000355e-01
8.697500000000000231e-01
8.693750000000000089e-01
8.713750000000000107e-01
8.702499999999999680e-01
8.708749999999999547e-01
8.696249999999999813e-01
8.676249999999999796e-01
8.691250000000000364e-01
8.705000000000000515e-01
8.689999999999999947e-01
8.691250000000000364e-01
8.705000000000000515e-01
8.693750000000000089e-01
8.696249999999999813e-01
8.711250000000000382e-01
8.688749999999999529e-01
8.712499999999999689e-01
8.712499999999999689e-01
8.708749999999999547e-01
8.701250000000000373e-01
