6.818184242248535032e-01
5.261178870201110858e-01
4.426662187576294039e-01
4.330733828544616748e-01
4.280139939785003733e-01
4.253661963939666668e-01
4.230446238517761026e-01
4.218820700645447008e-01
4.211195566654205580e-01
4.197102584838867112e-01
4.191675658226013401e-01
4.184506769180297847e-01
4.175045418739318781e-01
4.171292448043823486e-01
4.165188593864441180e-01
4.165709147453308114e-01
4.157389736175536865e-01
4.159918284416198597e-01
4.148100748062134024e-01
4.149865252971648988e-01
4.142007782459258824e-01
4.135072619915008407e-01
4.133757414817810227e-01
4.134807977676391855e-01
4.124497852325439418e-01
4.125481715202331534e-01
4.120810132026672123e-01
4.115163617134094398e-01
4.113106207847594953e-01
4.112206702232361066e-01
4.107418875694274774e-01
4.103677413463592272e-01
4.101334478855133137e-01
4.099397497177124094e-01
4.092380950450897337e-01
4.086765336990356712e-01
4.089249248504638889e-01
4.087000031471252348e-01
4.080307407379150653e-01
4.083319101333618417e-01
4.078829872608185081e-01
4.074183497428894296e-01
4.072619307041168146e-01
4.071554179191589351e-01
4.065368216037750226e-01
4.064493029117584033e-01
4.057062406539916899e-01
4.058919055461883696e-01
4.051821851730346702e-01
4.055721497535705322e-01
4.054331912994385001e-01
4.049090270996093532e-01
4.045344676971435738e-01
4.039697737693786483e-01
4.047991533279419185e-01
4.035866036415100000e-01
4.038414342403411905e-01
4.032207787036895530e-01
4.028404915332794434e-01
4.032265162467956743e-01
4.026632142066955411e-01
4.029187650680541855e-01
4.027287619113922301e-01
4.017942757606506321e-01
4.016784472465514955e-01
4.017427475452423069e-01
4.015655531883239870e-01
4.013463916778564622e-01
4.012404003143310582e-01
4.010409102439880247e-01
4.005804543495178338e-01
4.004271852970123224e-01
4.003651351928710911e-01
3.995918745994567756e-01
3.980299592018127219e-01
3.955005316734314103e-01
3.907589373588561954e-01
3.847306983470916708e-01
3.788139848709106694e-01
3.755029125213623087e-01
3.708526124954223402e-01
3.679295625686645477e-01
3.651077442169189391e-01
3.631620774269104235e-01
3.597681169509887589e-01
3.586951930522918608e-01
3.571159950494766089e-01
3.558753194808960130e-01
3.554270112514495983e-01
3.535483231544494509e-01
3.524867489337921156e-01
3.506855628490447851e-01
3.497023980617522954e-01
3.485369255542755118e-01
3.480554983615875009e-01
3.479745273590088006e-01
3.478161399364471662e-01
3.460606946945190554e-01
3.464025638103485072e-01
3.449766824245452668e-01
3.449325084686279408e-01
3.436570670604705557e-01
3.433122706413269110e-01
3.433066370487213304e-01
3.425758521556854230e-01
3.428945853710174685e-01
3.421238996982574609e-01
3.422225847244262931e-01
3.409069333076477082e-01
3.423136825561523544e-01
3.408480236530304075e-01
3.403116014003753631e-01
3.406360905170440767e-01
3.396042189598083572e-01
3.405169086456298899e-01
3.402461891174316522e-01
3.394123885631561421e-01
3.394871301651000706e-01
3.393758382797241180e-01
3.389533092975616224e-01
3.380239467620849703e-01
3.379510312080383216e-01
3.381329991817474401e-01
3.377893652915954781e-01
3.373530390262603484e-01
3.381022033691406525e-01
3.371084309816360647e-01
3.371659970283508168e-01
3.375758566856384424e-01
3.373808155059814240e-01
3.375225797891616697e-01
3.369650981426238756e-01
3.366002118587493874e-01
3.369220139980316220e-01
3.370095183849334819e-01
3.359898045063018923e-01
3.358372106552123815e-01
3.357625250816345108e-01
3.358275375366210902e-01
3.355439639091491455e-01
3.351794018745422599e-01
3.354978652000427108e-01
3.354148726463317964e-01
3.346876235008239830e-01
3.355212512016296222e-01
3.352537055015564205e-01
3.348299016952514529e-01
3.345538132190704617e-01
3.341232612133026025e-01
3.335843660831451229e-01
3.338678796291351114e-01
3.348302969932556161e-01
3.347184004783630429e-01
3.342654875516891666e-01
3.338542757034301811e-01
3.342987508773803684e-01
3.334940810203552153e-01
3.344839277267456223e-01
3.331964147090911710e-01
3.338159346580505393e-01
3.334068870544433794e-01
3.339428541660308669e-01
3.337210168838500857e-01
3.338270630836486785e-01
3.331493570804596183e-01
3.339833624362945619e-01
3.326505869626998901e-01
3.330399661064147865e-01
3.339273755550384304e-01
3.333694341182708576e-01
3.326935834884643395e-01
3.326430323123931720e-01
3.334662268161773802e-01
3.328675823211669771e-01
3.329803888797759903e-01
3.329865510463714817e-01
3.324315726757049450e-01
3.332823915481567534e-01
3.333368673324584863e-01
3.325607693195343217e-01
3.325537662506103387e-01
3.324189851284027331e-01
3.328532707691192472e-01
3.325612924098968470e-01
3.326089875698089449e-01
3.329561910629272314e-01
3.344765436649322354e-01
3.324526157379150137e-01
3.329674134254455575e-01
3.327541193962096910e-01
3.326635618209838885e-01
3.328947846889495632e-01
3.326968119144439462e-01
3.318441052436828520e-01
3.323526296615600395e-01
3.324024412631988445e-01
3.321663601398467947e-01
3.336931245326995588e-01
3.323094284534454101e-01
3.320723681449890274e-01
