6.846268377304076669e-01
6.673746156692504927e-01
6.514576530456542836e-01
6.368848543167113796e-01
6.234686346054076900e-01
6.112864761352538867e-01
6.001348781585693626e-01
5.900031547546387145e-01
5.807882423400878569e-01
5.724937658309936506e-01
5.649469985961913521e-01
5.581800394058227255e-01
5.520158128738403835e-01
5.464766337871551638e-01
5.415102086067199449e-01
5.370499444007873491e-01
5.331269397735595161e-01
5.296192717552185014e-01
5.264921424388885329e-01
5.237290258407593102e-01
5.212636480331420685e-01
5.191211435794830242e-01
5.172186455726623944e-01
5.155759844779967960e-01
5.141420307159423331e-01
5.128978810310363956e-01
5.118021535873412686e-01
5.108634958267211923e-01
5.100562744140625382e-01
5.093601541519164888e-01
5.087828669548034588e-01
5.082699363231658607e-01
5.078510553836822483e-01
5.074940788745879727e-01
5.071936922073364551e-01
5.069540176391601483e-01
5.067483797073364382e-01
5.065756964683533203e-01
5.064404902458190527e-01
5.063304700851440909e-01
5.062383890151977983e-01
5.061668806076049520e-01
5.061098432540893644e-01
5.060598688125610423e-01
5.060222358703613255e-01
5.060001657009124409e-01
5.059745035171508976e-01
5.059579887390136532e-01
5.059464821815490287e-01
5.059317996501923043e-01
5.059249401092529297e-01
5.059164977073669078e-01
5.059127073287963405e-01
5.059119362831115962e-01
5.059086842536926198e-01
5.059125061035156801e-01
5.059089174270630096e-01
5.059037899971008390e-01
5.059027690887450968e-01
5.059088473320006996e-01
5.059069709777832546e-01
5.059122006893157497e-01
5.059021878242492276e-01
5.059047741889953764e-01
5.059050564765930069e-01
5.059109516143799334e-01
5.059080467224120747e-01
5.059072194099426545e-01
5.059058709144592658e-01
5.059053206443786532e-01
5.059135780334472754e-01
5.059063076972961648e-01
5.059202594757079563e-01
5.059103169441223624e-01
5.059066643714904554e-01
5.059100537300109668e-01
5.059046182632446209e-01
5.059117588996887571e-01
5.059009299278259819e-01
5.059086685180663734e-01
5.059035148620605327e-01
5.059049654006958496e-01
5.059083585739135858e-01
5.059064302444458150e-01
5.059118080139159979e-01
5.059092235565185725e-01
5.059067440032959384e-01
5.059085192680359278e-01
5.059228734970092622e-01
5.059041705131530620e-01
5.059133615493774938e-01
5.058995895385741681e-01
5.059132671356201261e-01
5.059028339385985840e-01
5.059064786434173122e-01
5.059027562141418244e-01
5.059214329719543546e-01
5.059115176200866815e-01
5.059089431762695543e-01
5.059088199138641606e-01
5.059164938926696831e-01
5.059207534790038929e-01
5.059095826148987118e-01
5.059037060737610059e-01
5.059098029136657182e-01
5.059112737178802499e-01
5.059154014587402548e-01
5.059214859008789311e-01
5.059119505882263557e-01
5.059111490249633691e-01
5.059140300750732955e-01
5.059095821380614755e-01
5.059165129661560290e-01
5.059066839218139267e-01
5.059081726074218244e-01
5.059159696102142334e-01
5.059145870208739959e-01
5.059305615425110370e-01
5.059051451683044265e-01
5.059082760810852397e-01
5.059075613021850604e-01
5.059073071479797123e-01
5.059077167510985795e-01
5.059178118705749405e-01
5.059276657104492259e-01
5.059099307060241912e-01
5.059221043586731303e-01
5.059128885269165155e-01
5.059012556076050160e-01
5.059150671958922985e-01
5.059077525138855336e-01
5.059169898033142321e-01
5.059184112548827938e-01
5.059308075904845881e-01
5.059088528156280296e-01
5.059287619590758789e-01
5.059137768745421981e-01
5.059153518676757777e-01
5.059001688957214249e-01
5.059094142913818093e-01
5.059097108840941992e-01
5.059082417488097727e-01
5.059054989814758541e-01
5.059044921398162531e-01
5.059091713428497394e-01
5.059164853096008718e-01
5.059157655239104878e-01
5.059058108329772541e-01
5.059291043281555211e-01
5.059093575477600080e-01
5.059156098365783505e-01
5.059138460159301465e-01
5.059088659286499201e-01
5.059141368865966992e-01
5.059083924293518164e-01
5.059095749855041513e-01
5.059090099334716539e-01
5.059057288169860334e-01
5.059072957038879270e-01
5.059158940315247044e-01
5.059058346748351864e-01
5.059132609367370526e-01
5.059131801128387007e-01
5.059173402786254492e-01
5.059073343276977441e-01
5.059042925834655868e-01
5.059171757698058824e-01
5.059081058502197248e-01
5.059081497192382537e-01
5.059121556282043519e-01
5.059070515632629883e-01
5.059060816764830992e-01
5.059073734283446866e-01
5.059112744331359934e-01
5.059102163314819212e-01
5.059071421623230203e-01
5.059035797119140199e-01
5.059077596664428578e-01
5.059084391593933194e-01
5.059030928611755185e-01
5.059052734375000249e-01
5.059037127494812047e-01
5.059143180847167631e-01
5.059127798080443883e-01
5.059039878845215110e-01
5.059089360237121191e-01
5.059052660465240825e-01
5.059194517135620073e-01
5.059113306999206694e-01
5.059101238250732768e-01
5.059064505100250297e-01
5.059126739501953463e-01
5.059037251472473518e-01
5.059144439697265128e-01
5.059105439186095676e-01
5.059191031455994025e-01
5.059071559906005433e-01
5.059179091453551713e-01
5.059139838218689178e-01
5.059086551666259757e-01
