6.806571636199950648e-01
6.268712377548217862e-01
5.154567370414734340e-01
5.051394824981689791e-01
4.520768074989318652e-01
4.163797113895416069e-01
4.013336615562438925e-01
3.921201181411743120e-01
3.857100708484649809e-01
3.820344712734222159e-01
3.776677851676941144e-01
3.742311820983886816e-01
3.711420664787292711e-01
3.686081185340881472e-01
3.647307648658752455e-01
3.622101449966430575e-01
3.613543033599853627e-01
3.589075431823730566e-01
3.590562899112701434e-01
3.600947396755218577e-01
3.562492995262145912e-01
3.552453835010528360e-01
3.548882927894592143e-01
3.510237929821014569e-01
3.505650124549865576e-01
3.498350439071655216e-01
3.494665846824646094e-01
3.481554265022278050e-01
3.470710444450378351e-01
3.465893337726593249e-01
3.475132040977478298e-01
3.471342930793762105e-01
3.447000238895416291e-01
3.444682323932647949e-01
3.438545866012573393e-01
3.435241851806640767e-01
3.425647490024566477e-01
3.432732911109924179e-01
3.434095120429992432e-01
3.417514634132385321e-01
3.411867680549621751e-01
3.399156584739684850e-01
3.422562053203582755e-01
3.403607466220855970e-01
3.397204136848449574e-01
3.425997641086578338e-01
3.386460013389587242e-01
3.400426418781280491e-01
3.389972927570342742e-01
3.382544326782226385e-01
3.383586528301238960e-01
3.366506795883178471e-01
3.366006588935852029e-01
3.364520759582519394e-01
3.375792341232299876e-01
3.409869315624237118e-01
3.375311502218246718e-01
3.353044261932373038e-01
3.346930272579193288e-01
3.360833451747894385e-01
3.351626210212707568e-01
3.382542252540588490e-01
3.374711258411407511e-01
3.342231240272521831e-01
3.343528616428375067e-01
3.342914614677429119e-01
3.337916138172149494e-01
3.335231993198394806e-01
3.346193945407867631e-01
3.334189269542693901e-01
3.347218780517577930e-01
3.338092856407165465e-01
3.330826642513274871e-01
3.325927307605743288e-01
3.340967984199523788e-01
3.322877857685089253e-01
3.317992053031921240e-01
3.331243033409118648e-01
3.321008303165435827e-01
3.326305339336395051e-01
3.322805762290954590e-01
3.311459050178527930e-01
3.319692203998565461e-01
3.322589714527129923e-01
3.319353156089782653e-01
3.343680157661437780e-01
3.365615123510360962e-01
3.328466968536377135e-01
3.305924568176269451e-01
3.316761450767516939e-01
3.307654097080230948e-01
3.325905814170837527e-01
3.335032413005828977e-01
3.311237227916717374e-01
3.300333273410797075e-01
3.305090947151184122e-01
3.294529612064361346e-01
3.308299419879913161e-01
3.324801502227783256e-01
3.297596637010574150e-01
3.292067849636077792e-01
3.293974275588989475e-01
3.310431988239288525e-01
3.313923192024230691e-01
3.314529933929443173e-01
3.292428467273711967e-01
3.293802204132080247e-01
3.281402318477630864e-01
3.300521132946014347e-01
3.296853380203246808e-01
3.309315974712371822e-01
3.291875844001769802e-01
3.304997575283050715e-01
3.310088834762573429e-01
3.308304679393768155e-01
3.323368489742278831e-01
3.281061091423034815e-01
3.290867588520050013e-01
3.302774221897125106e-01
3.276476973295212036e-01
3.319156308174133208e-01
3.305658979415893595e-01
3.322263052463531596e-01
3.306113018989563224e-01
3.305441184043884095e-01
3.290197751522064284e-01
3.290698204040527486e-01
3.313147196769714586e-01
3.297633649110793819e-01
3.312227792739868004e-01
3.297109405994415043e-01
3.279496269226074290e-01
3.274526252746581823e-01
3.275517787933349689e-01
3.303600065708160449e-01
3.307028919458389060e-01
3.298814475536346325e-01
3.282842149734497283e-01
3.284264819622039755e-01
3.260698049068451176e-01
3.285179190635681423e-01
3.286216454505920259e-01
3.279195632934570059e-01
3.278286283016204616e-01
3.267524185180664120e-01
3.271753602027893115e-01
3.267634792327880899e-01
3.264252424240112194e-01
3.262748048305511572e-01
3.282284173965454022e-01
3.260957508087158341e-01
3.269073367118835449e-01
3.291765964031219682e-01
3.268288285732269260e-01
3.261454043388366530e-01
3.269036016464233474e-01
3.257903258800506352e-01
3.270216748714446786e-01
3.259634170532226816e-01
3.294767143726348713e-01
3.253965861797332715e-01
3.259765627384185738e-01
3.287553563117980859e-01
3.274216351509094403e-01
3.263885619640350400e-01
3.251032633781433256e-01
3.262262959480285440e-01
3.279744338989257768e-01
3.260422298908233762e-01
3.289141209125518994e-01
3.266023373603820779e-01
3.268738396167755189e-01
3.262335367202758851e-01
3.283838417530060005e-01
3.257671370506286523e-01
3.260975005626678414e-01
3.263967857360839941e-01
3.255177714824676327e-01
3.268827199935913086e-01
3.257337105274200617e-01
3.255937206745147527e-01
3.277734830379486208e-01
3.259432768821716175e-01
3.270093030929565603e-01
3.251191856861114227e-01
3.271980450153350595e-01
3.256919023990630935e-01
3.262727270126342671e-01
3.253539578914642072e-01
3.269914584159850923e-01
3.249898951053619145e-01
3.262039060592651363e-01
3.254055564403534051e-01
3.262568707466125262e-01
3.266107583045959606e-01
3.272520930767059411e-01
3.267226941585540945e-01
3.298268690109252832e-01
3.283513517379760827e-01
3.256656887531280686e-01
