7.922500000000000098e-01
7.960000000000000409e-01
7.960000000000000409e-01
7.960000000000000409e-01
7.960000000000000409e-01
7.960000000000000409e-01
7.960000000000000409e-01
7.960000000000000409e-01
7.960000000000000409e-01
7.960000000000000409e-01
7.960000000000000409e-01
7.960000000000000409e-01
7.960000000000000409e-01
7.960000000000000409e-01
7.960000000000000409e-01
7.960000000000000409e-01
7.960000000000000409e-01
7.960000000000000409e-01
7.960000000000000409e-01
7.960000000000000409e-01
7.960000000000000409e-01
7.971249999999999725e-01
8.161249999999999893e-01
8.176250000000000462e-01
8.193749999999999645e-01
8.208750000000000213e-01
8.228750000000000231e-01
8.233749999999999680e-01
8.245000000000000107e-01
8.248750000000000249e-01
8.253749999999999698e-01
8.268750000000000266e-01
8.276250000000000551e-01
8.281250000000000000e-01
8.291250000000000009e-01
8.286249999999999449e-01
8.291250000000000009e-01
8.296249999999999458e-01
8.297499999999999876e-01
8.301250000000000018e-01
8.302500000000000435e-01
8.303749999999999742e-01
8.305000000000000160e-01
8.315000000000000169e-01
8.301250000000000018e-01
8.305000000000000160e-01
8.312500000000000444e-01
8.309999999999999609e-01
8.303749999999999742e-01
8.309999999999999609e-01
8.315000000000000169e-01
8.309999999999999609e-01
8.321250000000000036e-01
8.312500000000000444e-01
8.316249999999999476e-01
8.325000000000000178e-01
8.335000000000000187e-01
8.331250000000000044e-01
8.327499999999999902e-01
8.336249999999999494e-01
8.332500000000000462e-01
8.347499999999999920e-01
8.342500000000000471e-01
8.352500000000000480e-01
8.349999999999999645e-01
8.366249999999999520e-01
8.356249999999999512e-01
8.376249999999999529e-01
8.375000000000000222e-01
8.372500000000000497e-01
8.373749999999999805e-01
8.365000000000000213e-01
8.366249999999999520e-01
8.387499999999999956e-01
8.381250000000000089e-01
8.405000000000000249e-01
8.408750000000000391e-01
8.443749999999999867e-01
8.461250000000000160e-01
8.472499999999999476e-01
8.507500000000000062e-01
8.518750000000000488e-01
8.531250000000000222e-01
8.531250000000000222e-01
8.546249999999999680e-01
8.548750000000000515e-01
8.551250000000000240e-01
8.563749999999999973e-01
8.569999999999999840e-01
8.553749999999999964e-01
8.569999999999999840e-01
8.562499999999999556e-01
8.581250000000000266e-01
8.579999999999999849e-01
8.577500000000000124e-01
8.579999999999999849e-01
8.575000000000000400e-01
8.569999999999999840e-01
8.575000000000000400e-01
8.579999999999999849e-01
8.586249999999999716e-01
8.573749999999999982e-01
8.579999999999999849e-01
8.592499999999999583e-01
8.586249999999999716e-01
8.586249999999999716e-01
8.591250000000000275e-01
8.608749999999999458e-01
8.577500000000000124e-01
8.592499999999999583e-01
8.587500000000000133e-01
8.598749999999999449e-01
8.599999999999999867e-01
8.586249999999999716e-01
8.597500000000000142e-01
8.598749999999999449e-01
8.602499999999999591e-01
8.595000000000000417e-01
8.601250000000000284e-01
8.602499999999999591e-01
8.611250000000000293e-01
8.602499999999999591e-01
8.601250000000000284e-01
8.602499999999999591e-01
8.606249999999999734e-01
8.598749999999999449e-01
8.601250000000000284e-01
8.597500000000000142e-01
8.606249999999999734e-01
8.598749999999999449e-01
8.606249999999999734e-01
8.609999999999999876e-01
8.603750000000000009e-01
8.607500000000000151e-01
8.605000000000000426e-01
8.608749999999999458e-01
8.608749999999999458e-01
8.605000000000000426e-01
8.618749999999999467e-01
8.611250000000000293e-01
8.613750000000000018e-01
8.615000000000000435e-01
8.613750000000000018e-01
8.612499999999999600e-01
8.612499999999999600e-01
8.606249999999999734e-01
8.612499999999999600e-01
8.618749999999999467e-01
8.613750000000000018e-01
8.618749999999999467e-01
8.606249999999999734e-01
8.608749999999999458e-01
8.623750000000000027e-01
8.611250000000000293e-01
8.609999999999999876e-01
8.616249999999999742e-01
8.609999999999999876e-01
8.606249999999999734e-01
8.618749999999999467e-01
8.613750000000000018e-01
8.626249999999999751e-01
8.621250000000000302e-01
8.625000000000000444e-01
8.619999999999999885e-01
8.622499999999999609e-01
8.625000000000000444e-01
8.622499999999999609e-01
8.619999999999999885e-01
8.623750000000000027e-01
8.623750000000000027e-01
8.613750000000000018e-01
8.617500000000000160e-01
8.621250000000000302e-01
8.639999999999999902e-01
8.613750000000000018e-01
8.625000000000000444e-01
8.637500000000000178e-01
8.628749999999999476e-01
8.623750000000000027e-01
8.621250000000000302e-01
8.631250000000000311e-01
8.618749999999999467e-01
8.608749999999999458e-01
8.628749999999999476e-01
8.625000000000000444e-01
8.625000000000000444e-01
8.632499999999999618e-01
8.628749999999999476e-01
8.621250000000000302e-01
8.633750000000000036e-01
8.628749999999999476e-01
8.621250000000000302e-01
8.619999999999999885e-01
8.633750000000000036e-01
8.636249999999999760e-01
8.623750000000000027e-01
8.631250000000000311e-01
8.623750000000000027e-01
8.632499999999999618e-01
8.631250000000000311e-01
