7.860000000000000320e-01
7.960000000000000409e-01
7.960000000000000409e-01
7.960000000000000409e-01
7.960000000000000409e-01
7.960000000000000409e-01
7.960000000000000409e-01
7.980000000000000426e-01
8.189999999999999503e-01
8.243749999999999689e-01
8.271249999999999991e-01
8.275000000000000133e-01
8.293749999999999734e-01
8.319999999999999618e-01
8.307499999999999885e-01
8.333749999999999769e-01
8.358750000000000346e-01
8.339999999999999636e-01
8.365000000000000213e-01
8.356249999999999512e-01
8.361250000000000071e-01
8.358750000000000346e-01
8.362500000000000488e-01
8.363749999999999796e-01
8.369999999999999662e-01
8.369999999999999662e-01
8.393749999999999822e-01
8.387499999999999956e-01
8.391250000000000098e-01
8.408750000000000391e-01
8.409999999999999698e-01
8.401250000000000107e-01
8.423749999999999849e-01
8.441250000000000142e-01
8.538750000000000506e-01
8.596249999999999725e-01
8.618749999999999467e-01
8.608749999999999458e-01
8.612499999999999600e-01
8.645000000000000462e-01
8.631250000000000311e-01
8.639999999999999902e-01
8.623750000000000027e-01
8.629999999999999893e-01
8.626249999999999751e-01
8.638749999999999485e-01
8.635000000000000453e-01
8.641250000000000320e-01
8.641250000000000320e-01
8.653750000000000053e-01
8.655000000000000471e-01
8.646249999999999769e-01
8.642499999999999627e-01
8.642499999999999627e-01
8.642499999999999627e-01
8.648749999999999494e-01
8.635000000000000453e-01
8.642499999999999627e-01
8.647500000000000187e-01
8.647500000000000187e-01
8.638749999999999485e-01
8.648749999999999494e-01
8.648749999999999494e-01
8.661250000000000338e-01
8.655000000000000471e-01
8.641250000000000320e-01
8.655000000000000471e-01
8.638749999999999485e-01
8.659999999999999920e-01
8.651250000000000329e-01
8.673750000000000071e-01
8.649999999999999911e-01
8.651250000000000329e-01
8.649999999999999911e-01
8.661250000000000338e-01
8.648749999999999494e-01
8.657500000000000195e-01
8.662499999999999645e-01
8.655000000000000471e-01
8.671250000000000346e-01
8.665000000000000480e-01
8.666249999999999787e-01
8.668749999999999512e-01
8.662499999999999645e-01
8.667500000000000204e-01
8.665000000000000480e-01
8.667500000000000204e-01
8.666249999999999787e-01
8.663750000000000062e-01
8.673750000000000071e-01
8.668749999999999512e-01
8.671250000000000346e-01
8.663750000000000062e-01
8.671250000000000346e-01
8.663750000000000062e-01
8.665000000000000480e-01
8.659999999999999920e-01
8.653750000000000053e-01
8.662499999999999645e-01
8.666249999999999787e-01
8.668749999999999512e-01
8.657500000000000195e-01
8.662499999999999645e-01
8.672499999999999654e-01
8.678749999999999520e-01
8.663750000000000062e-01
8.658749999999999503e-01
8.657500000000000195e-01
8.666249999999999787e-01
8.669999999999999929e-01
8.665000000000000480e-01
8.668749999999999512e-01
8.667500000000000204e-01
8.665000000000000480e-01
8.673750000000000071e-01
8.662499999999999645e-01
8.665000000000000480e-01
8.672499999999999654e-01
8.669999999999999929e-01
8.666249999999999787e-01
8.663750000000000062e-01
8.675000000000000488e-01
8.672499999999999654e-01
8.661250000000000338e-01
8.673750000000000071e-01
8.675000000000000488e-01
8.666249999999999787e-01
8.665000000000000480e-01
8.666249999999999787e-01
8.669999999999999929e-01
8.677500000000000213e-01
8.678749999999999520e-01
8.677500000000000213e-01
8.681250000000000355e-01
8.666249999999999787e-01
8.686249999999999805e-01
8.677500000000000213e-01
8.677500000000000213e-01
8.665000000000000480e-01
8.662499999999999645e-01
8.673750000000000071e-01
8.673750000000000071e-01
8.686249999999999805e-01
8.658749999999999503e-01
8.653750000000000053e-01
8.682499999999999662e-01
8.676249999999999796e-01
8.676249999999999796e-01
8.678749999999999520e-01
8.665000000000000480e-01
8.677500000000000213e-01
8.649999999999999911e-01
8.676249999999999796e-01
8.667500000000000204e-01
8.676249999999999796e-01
8.676249999999999796e-01
8.666249999999999787e-01
8.685000000000000497e-01
8.675000000000000488e-01
8.663750000000000062e-01
8.675000000000000488e-01
8.689999999999999947e-01
8.678749999999999520e-01
8.687500000000000222e-01
8.676249999999999796e-01
8.667500000000000204e-01
8.675000000000000488e-01
8.672499999999999654e-01
8.683750000000000080e-01
8.682499999999999662e-01
8.653750000000000053e-01
8.683750000000000080e-01
8.681250000000000355e-01
8.685000000000000497e-01
8.683750000000000080e-01
8.673750000000000071e-01
8.697500000000000231e-01
8.681250000000000355e-01
8.679999999999999938e-01
8.672499999999999654e-01
8.682499999999999662e-01
8.658749999999999503e-01
8.675000000000000488e-01
8.681250000000000355e-01
8.692499999999999671e-01
8.683750000000000080e-01
8.692499999999999671e-01
8.693750000000000089e-01
8.677500000000000213e-01
8.672499999999999654e-01
8.685000000000000497e-01
8.682499999999999662e-01
8.681250000000000355e-01
8.675000000000000488e-01
8.677500000000000213e-01
8.682499999999999662e-01
8.675000000000000488e-01
8.685000000000000497e-01
8.708749999999999547e-01
8.669999999999999929e-01
