6.844355669021606747e-01
6.670685043334960707e-01
6.511535282135010316e-01
6.365161228179931907e-01
6.231868858337402672e-01
6.109631700515747443e-01
5.999401559829712349e-01
5.898315153121947985e-01
5.806665582656860281e-01
5.723448171615600488e-01
5.648040256500244105e-01
5.579898872375488317e-01
5.518541836738586337e-01
5.463314313888549822e-01
5.414229717254638308e-01
5.370425057411193359e-01
5.331184582710266628e-01
5.296013240814209100e-01
5.265088372230529723e-01
5.237312130928039045e-01
5.212995624542235973e-01
5.191469197273254066e-01
5.172445449829101705e-01
5.156088399887085449e-01
5.141702804565430052e-01
5.129221205711365084e-01
5.118413877487182351e-01
5.109067659378051518e-01
5.100954122543335245e-01
5.093953800201416193e-01
5.088052515983580992e-01
5.082925877571106144e-01
5.078549454212188952e-01
5.074919080734252574e-01
5.071943941116332510e-01
5.069408462047576558e-01
5.067337398529052628e-01
5.065636446475982879e-01
5.064248824119568226e-01
5.063161063194274725e-01
5.062296977043151402e-01
5.061553034782410032e-01
5.060972404479980868e-01
5.060517587661743644e-01
5.060247976779937984e-01
5.059894003868102841e-01
5.059655992984771755e-01
5.059476051330565882e-01
5.059489002227782750e-01
5.059281201362609837e-01
5.059189372062683487e-01
5.059242415428161221e-01
5.059136433601378879e-01
5.059140977859497568e-01
5.059164061546325142e-01
5.059070606231689249e-01
5.059055602550506237e-01
5.059058823585510511e-01
5.059030885696411683e-01
5.059036808013915865e-01
5.059054253101349374e-01
5.059056208133697607e-01
5.059024252891540785e-01
5.059033083915710494e-01
5.059011015892028729e-01
5.059056301116943155e-01
5.059028887748717729e-01
5.059066853523254137e-01
5.059110693931579972e-01
5.059166955947875799e-01
5.059079046249389533e-01
5.059055662155151900e-01
5.059141225814819398e-01
5.059051058292388658e-01
5.059027616977691544e-01
5.059070663452148731e-01
5.059183695316314955e-01
5.059113926887511825e-01
5.059104924201964781e-01
5.059095892906189107e-01
5.059069061279296564e-01
5.059088807106018049e-01
5.059135212898254741e-01
5.059140233993529856e-01
5.059045219421386408e-01
5.059045715332031179e-01
5.059111330509186155e-01
5.048575389385223655e-01
4.502804896831512638e-01
4.133698775768280265e-01
3.964010758399963419e-01
3.866449921131134282e-01
3.815795559883117805e-01
3.761669168472290270e-01
3.710168683528899947e-01
3.672132070064544895e-01
3.658170151710510298e-01
3.628715569972991717e-01
3.608380050659179550e-01
3.596779227256775013e-01
3.580977258682250808e-01
3.571247420310973975e-01
3.553946652412414697e-01
3.540472002029418919e-01
3.530427103042602655e-01
3.517587139606475621e-01
3.515491375923156525e-01
3.504159921407699607e-01
3.492375545501709144e-01
3.481551837921142423e-01
3.481221554279327335e-01
3.474162778854369971e-01
3.471632926464081059e-01
3.464012835025787607e-01
3.471749036312103409e-01
3.449370510578155247e-01
3.440963802337646538e-01
3.436750730276108001e-01
3.437105345726013117e-01
3.428395612239837908e-01
3.418526792526245250e-01
3.433787913322448593e-01
3.417860703468322825e-01
3.407197165489196933e-01
3.403805060386657644e-01
3.397524189949035489e-01
3.392154028415679812e-01
3.394062619209289311e-01
3.396762089729308820e-01
3.395241687297820832e-01
3.387946035861968963e-01
3.386261725425720459e-01
3.390616471767425311e-01
3.382094635963440177e-01
3.376127724647521866e-01
3.372915718555450360e-01
3.371791729927062775e-01
3.372775280475616699e-01
3.367538063526153702e-01
3.368860914707184073e-01
3.362403569221496524e-01
3.355120744705200053e-01
3.357226989269256334e-01
3.358639848232269354e-01
3.364640476703643635e-01
3.358398067951202659e-01
3.360276489257812416e-01
3.361321382522582946e-01
3.351535210609435933e-01
3.347216045856475919e-01
3.347003318071365419e-01
3.348943285942077575e-01
3.359779968261718541e-01
3.332905025482177930e-01
3.346672964096069069e-01
3.338688859939575315e-01
3.356368112564087069e-01
3.345980386734008771e-01
3.341136567592620787e-01
3.338466668128967085e-01
3.326766972541809197e-01
3.325250592231750457e-01
3.331944652795791884e-01
3.326271972656250075e-01
3.322302446365356654e-01
3.328677752017975000e-01
3.332095682621002419e-01
3.330170724391937065e-01
3.318620860576629861e-01
3.323694908618927135e-01
3.325181479454040745e-01
3.315775220394134304e-01
3.308362431526183922e-01
3.323747668266296418e-01
3.311794929504394691e-01
3.309354538917541610e-01
3.307706584930419913e-01
3.321458899974822909e-01
3.306880609989166220e-01
3.310707850456237611e-01
3.311250619888305713e-01
3.304531497955322528e-01
3.308590278625488379e-01
3.302003622055053600e-01
3.304812200069427441e-01
3.301194941997527832e-01
3.304842538833618337e-01
3.297642412185669003e-01
3.309841294288635161e-01
3.312376356124878130e-01
3.300565299987793244e-01
3.291179407835006510e-01
3.293366258144378445e-01
3.288705198764800830e-01
3.291815466880798069e-01
3.307138326168060360e-01
3.293686549663543683e-01
3.288560149669647048e-01
3.290464332103729128e-01
3.285730409622192316e-01
