7.960000000000000409e-01
7.960000000000000409e-01
7.960000000000000409e-01
7.960000000000000409e-01
7.960000000000000409e-01
7.960000000000000409e-01
7.960000000000000409e-01
7.960000000000000409e-01
7.960000000000000409e-01
7.960000000000000409e-01
7.960000000000000409e-01
7.960000000000000409e-01
7.960000000000000409e-01
8.101249999999999840e-01
8.572499999999999565e-01
8.558750000000000524e-01
8.589999999999999858e-01
8.608749999999999458e-01
8.608749999999999458e-01
8.615000000000000435e-01
8.622499999999999609e-01
8.609999999999999876e-01
8.622499999999999609e-01
8.602499999999999591e-01
8.631250000000000311e-01
8.589999999999999858e-01
8.628749999999999476e-01
8.609999999999999876e-01
8.613750000000000018e-01
8.628749999999999476e-01
8.617500000000000160e-01
8.638749999999999485e-01
8.633750000000000036e-01
8.622499999999999609e-01
8.653750000000000053e-01
8.637500000000000178e-01
8.652499999999999636e-01
8.628749999999999476e-01
8.642499999999999627e-01
8.641250000000000320e-01
8.637500000000000178e-01
8.637500000000000178e-01
8.652499999999999636e-01
8.629999999999999893e-01
8.661250000000000338e-01
8.642499999999999627e-01
8.648749999999999494e-01
8.651250000000000329e-01
8.656249999999999778e-01
8.631250000000000311e-01
8.647500000000000187e-01
8.637500000000000178e-01
8.619999999999999885e-01
8.631250000000000311e-01
8.636249999999999760e-01
8.639999999999999902e-01
8.629999999999999893e-01
8.635000000000000453e-01
8.648749999999999494e-01
8.643750000000000044e-01
8.639999999999999902e-01
8.623750000000000027e-01
8.635000000000000453e-01
8.633750000000000036e-01
8.625000000000000444e-01
8.629999999999999893e-01
8.647500000000000187e-01
8.632499999999999618e-01
8.633750000000000036e-01
8.609999999999999876e-01
8.626249999999999751e-01
8.638749999999999485e-01
8.642499999999999627e-01
8.632499999999999618e-01
8.625000000000000444e-01
8.625000000000000444e-01
8.657500000000000195e-01
8.643750000000000044e-01
8.621250000000000302e-01
8.643750000000000044e-01
8.622499999999999609e-01
8.632499999999999618e-01
8.635000000000000453e-01
8.611250000000000293e-01
8.643750000000000044e-01
8.635000000000000453e-01
8.642499999999999627e-01
8.643750000000000044e-01
8.635000000000000453e-01
8.648749999999999494e-01
8.615000000000000435e-01
8.632499999999999618e-01
8.649999999999999911e-01
8.631250000000000311e-01
8.639999999999999902e-01
8.643750000000000044e-01
8.632499999999999618e-01
8.646249999999999769e-01
8.641250000000000320e-01
8.631250000000000311e-01
8.632499999999999618e-01
8.631250000000000311e-01
8.638749999999999485e-01
8.631250000000000311e-01
8.633750000000000036e-01
8.652499999999999636e-01
8.611250000000000293e-01
8.653750000000000053e-01
8.632499999999999618e-01
8.628749999999999476e-01
8.637500000000000178e-01
8.639999999999999902e-01
8.643750000000000044e-01
8.628749999999999476e-01
8.632499999999999618e-01
8.608749999999999458e-01
8.639999999999999902e-01
8.631250000000000311e-01
8.633750000000000036e-01
8.637500000000000178e-01
8.622499999999999609e-01
8.628749999999999476e-01
8.622499999999999609e-01
8.617500000000000160e-01
8.613750000000000018e-01
8.647500000000000187e-01
8.637500000000000178e-01
8.635000000000000453e-01
8.643750000000000044e-01
8.643750000000000044e-01
8.623750000000000027e-01
8.641250000000000320e-01
8.648749999999999494e-01
8.648749999999999494e-01
8.648749999999999494e-01
8.628749999999999476e-01
8.639999999999999902e-01
8.657500000000000195e-01
8.641250000000000320e-01
8.637500000000000178e-01
8.637500000000000178e-01
8.646249999999999769e-01
8.627500000000000169e-01
8.656249999999999778e-01
8.633750000000000036e-01
8.661250000000000338e-01
8.636249999999999760e-01
8.635000000000000453e-01
8.648749999999999494e-01
8.649999999999999911e-01
8.645000000000000462e-01
8.641250000000000320e-01
8.633750000000000036e-01
8.656249999999999778e-01
8.657500000000000195e-01
8.653750000000000053e-01
8.653750000000000053e-01
8.635000000000000453e-01
8.665000000000000480e-01
8.626249999999999751e-01
8.658749999999999503e-01
8.655000000000000471e-01
8.639999999999999902e-01
8.637500000000000178e-01
8.652499999999999636e-01
8.643750000000000044e-01
8.638749999999999485e-01
8.643750000000000044e-01
8.656249999999999778e-01
8.637500000000000178e-01
8.639999999999999902e-01
8.648749999999999494e-01
8.647500000000000187e-01
8.648749999999999494e-01
8.646249999999999769e-01
8.655000000000000471e-01
8.655000000000000471e-01
8.639999999999999902e-01
8.647500000000000187e-01
8.641250000000000320e-01
8.652499999999999636e-01
8.647500000000000187e-01
8.645000000000000462e-01
8.656249999999999778e-01
8.645000000000000462e-01
8.633750000000000036e-01
8.658749999999999503e-01
8.645000000000000462e-01
8.648749999999999494e-01
8.655000000000000471e-01
8.659999999999999920e-01
8.648749999999999494e-01
8.659999999999999920e-01
8.631250000000000311e-01
8.628749999999999476e-01
8.652499999999999636e-01
8.668749999999999512e-01
8.642499999999999627e-01
8.668749999999999512e-01
8.648749999999999494e-01
