7.960000000000000409e-01
7.960000000000000409e-01
7.960000000000000409e-01
7.960000000000000409e-01
7.960000000000000409e-01
7.960000000000000409e-01
7.960000000000000409e-01
7.960000000000000409e-01
7.960000000000000409e-01
7.960000000000000409e-01
7.960000000000000409e-01
7.960000000000000409e-01
7.960000000000000409e-01
7.960000000000000409e-01
8.138750000000000151e-01
8.202500000000000346e-01
8.218750000000000222e-01
8.251249999999999973e-01
8.269999999999999574e-01
8.276250000000000551e-01
8.281250000000000000e-01
8.291250000000000009e-01
8.288750000000000284e-01
8.298750000000000293e-01
8.317499999999999893e-01
8.298750000000000293e-01
8.327499999999999902e-01
8.323749999999999760e-01
8.328750000000000320e-01
8.329999999999999627e-01
8.341250000000000053e-01
8.332500000000000462e-01
8.339999999999999636e-01
8.339999999999999636e-01
8.341250000000000053e-01
8.346249999999999503e-01
8.363749999999999796e-01
8.339999999999999636e-01
8.351250000000000062e-01
8.349999999999999645e-01
8.349999999999999645e-01
8.358750000000000346e-01
8.361250000000000071e-01
8.335000000000000187e-01
8.361250000000000071e-01
8.369999999999999662e-01
8.355000000000000204e-01
8.356249999999999512e-01
8.365000000000000213e-01
8.351250000000000062e-01
8.361250000000000071e-01
8.371250000000000080e-01
8.365000000000000213e-01
8.361250000000000071e-01
8.373749999999999805e-01
8.371250000000000080e-01
8.373749999999999805e-01
8.368750000000000355e-01
8.369999999999999662e-01
8.375000000000000222e-01
8.368750000000000355e-01
8.352500000000000480e-01
8.359999999999999654e-01
8.371250000000000080e-01
8.376249999999999529e-01
8.379999999999999671e-01
8.369999999999999662e-01
8.358750000000000346e-01
8.371250000000000080e-01
8.363749999999999796e-01
8.375000000000000222e-01
8.377499999999999947e-01
8.365000000000000213e-01
8.359999999999999654e-01
8.372500000000000497e-01
8.378750000000000364e-01
8.403749999999999831e-01
8.453749999999999876e-01
8.471250000000000169e-01
8.491250000000000187e-01
8.501250000000000195e-01
8.525000000000000355e-01
8.532499999999999529e-01
8.553749999999999964e-01
8.539999999999999813e-01
8.601250000000000284e-01
8.575000000000000400e-01
8.607500000000000151e-01
8.578750000000000542e-01
8.591250000000000275e-01
8.595000000000000417e-01
8.611250000000000293e-01
8.617500000000000160e-01
8.603750000000000009e-01
8.592499999999999583e-01
8.621250000000000302e-01
8.603750000000000009e-01
8.617500000000000160e-01
8.611250000000000293e-01
8.619999999999999885e-01
8.637500000000000178e-01
8.615000000000000435e-01
8.635000000000000453e-01
8.625000000000000444e-01
8.612499999999999600e-01
8.625000000000000444e-01
8.615000000000000435e-01
8.615000000000000435e-01
8.615000000000000435e-01
8.617500000000000160e-01
8.631250000000000311e-01
8.615000000000000435e-01
8.629999999999999893e-01
8.635000000000000453e-01
8.612499999999999600e-01
8.636249999999999760e-01
8.612499999999999600e-01
8.609999999999999876e-01
8.641250000000000320e-01
8.631250000000000311e-01
8.639999999999999902e-01
8.647500000000000187e-01
8.628749999999999476e-01
8.613750000000000018e-01
8.638749999999999485e-01
8.645000000000000462e-01
8.651250000000000329e-01
8.638749999999999485e-01
8.636249999999999760e-01
8.633750000000000036e-01
8.631250000000000311e-01
8.629999999999999893e-01
8.636249999999999760e-01
8.649999999999999911e-01
8.618749999999999467e-01
8.636249999999999760e-01
8.645000000000000462e-01
8.642499999999999627e-01
8.637500000000000178e-01
8.641250000000000320e-01
8.658749999999999503e-01
8.637500000000000178e-01
8.648749999999999494e-01
8.641250000000000320e-01
8.648749999999999494e-01
8.642499999999999627e-01
8.636249999999999760e-01
8.642499999999999627e-01
8.647500000000000187e-01
8.652499999999999636e-01
8.649999999999999911e-01
8.636249999999999760e-01
8.639999999999999902e-01
8.641250000000000320e-01
8.642499999999999627e-01
8.643750000000000044e-01
8.633750000000000036e-01
8.639999999999999902e-01
8.639999999999999902e-01
8.642499999999999627e-01
8.648749999999999494e-01
8.629999999999999893e-01
8.636249999999999760e-01
8.642499999999999627e-01
8.656249999999999778e-01
8.659999999999999920e-01
8.643750000000000044e-01
8.642499999999999627e-01
8.651250000000000329e-01
8.633750000000000036e-01
8.648749999999999494e-01
8.642499999999999627e-01
8.635000000000000453e-01
8.651250000000000329e-01
8.638749999999999485e-01
8.629999999999999893e-01
8.641250000000000320e-01
8.653750000000000053e-01
8.653750000000000053e-01
8.646249999999999769e-01
8.641250000000000320e-01
8.653750000000000053e-01
8.646249999999999769e-01
8.639999999999999902e-01
8.646249999999999769e-01
8.651250000000000329e-01
8.651250000000000329e-01
8.631250000000000311e-01
8.649999999999999911e-01
8.659999999999999920e-01
8.648749999999999494e-01
8.645000000000000462e-01
8.642499999999999627e-01
8.636249999999999760e-01
8.659999999999999920e-01
8.648749999999999494e-01
8.633750000000000036e-01
8.633750000000000036e-01
8.652499999999999636e-01
8.641250000000000320e-01
