6.793720903396606170e-01
5.922448263168335059e-01
4.680988025665283048e-01
4.403576083183288747e-01
4.347404503822326904e-01
4.311039712429046711e-01
4.282244722843170370e-01
4.255865736007690692e-01
4.222446651458739986e-01
4.186836063861846813e-01
4.154364945888519012e-01
4.125198698043823220e-01
4.097754344940185423e-01
4.075235652923583918e-01
4.053995542526245277e-01
4.036312956809997576e-01
4.021288838386535835e-01
4.012644231319427712e-01
3.999226951599121338e-01
3.993688516616821227e-01
3.982986264228821072e-01
3.974284822940826190e-01
3.971147646903991912e-01
3.960986661911010676e-01
3.951995158195495406e-01
3.947723197937011985e-01
3.940731644630431907e-01
3.933289463520049933e-01
3.921415958404541047e-01
3.913507902622223034e-01
3.898422832489013556e-01
3.874429421424865905e-01
3.833110396862030034e-01
3.758912599086761674e-01
3.666235561370849716e-01
3.572258486747741935e-01
3.502243237495422101e-01
3.451459269523620699e-01
3.416245083808898686e-01
3.389575414657592933e-01
3.377631952762603640e-01
3.365291733741760383e-01
3.353667078018188752e-01
3.348873059749603032e-01
3.334861402511596906e-01
3.341085634231567569e-01
3.331508023738861124e-01
3.331469438076019030e-01
3.322811264991760161e-01
3.320883824825286990e-01
3.317087256908416992e-01
3.313844763040542651e-01
3.313455214500427015e-01
3.310121355056762638e-01
3.304292471408843967e-01
3.302513165473938139e-01
3.300653121471405216e-01
3.299352343082427863e-01
3.294850776195525910e-01
3.295547337532043208e-01
3.289178276062011963e-01
3.288060820102691739e-01
3.286771500110626243e-01
3.281726453304290581e-01
3.282273459434509322e-01
3.285869135856628320e-01
3.278889613151550475e-01
3.280266003608703351e-01
3.275968303680419913e-01
3.276732478141784477e-01
3.275886068344115998e-01
3.273161354064941242e-01
3.272788693904876700e-01
3.271179780960082883e-01
3.276695752143859997e-01
3.270864400863647270e-01
3.266480791568756037e-01
3.263903839588165323e-01
3.262281601428985711e-01
3.263273384571075408e-01
3.260039672851562376e-01
3.259969596862792862e-01
3.256496982574462740e-01
3.264157326221466260e-01
3.258917531967163161e-01
3.259162263870239440e-01
3.255451173782348828e-01
3.253310933113098269e-01
3.255490717887878360e-01
3.250665614604950071e-01
3.251776094436645281e-01
3.252591838836669802e-01
3.250650279521942188e-01
3.251910264492035019e-01
3.249202136993408208e-01
3.243382238149642993e-01
3.249523293972015336e-01
3.250974087715148841e-01
3.244827456474304039e-01
3.243109030723571595e-01
3.243162951469421573e-01
3.243870635032654048e-01
3.241600248813629181e-01
3.241700556278228618e-01
3.239824981689453098e-01
3.242945327758788854e-01
3.242740373611450178e-01
3.237689690589904967e-01
3.236117508411407440e-01
3.237563254833221160e-01
3.237836439609527717e-01
3.235323786735534446e-01
3.229990465641021657e-01
3.233730568885803125e-01
3.232676982879638672e-01
3.233179177045822361e-01
3.231093289852142170e-01
3.225383543968200484e-01
3.228797771930694838e-01
3.229093048572540536e-01
3.228038737773895051e-01
3.224706703424453647e-01
3.222182621955871351e-01
3.225844364166259859e-01
3.224436624050140421e-01
3.224169762134552197e-01
3.224789977073669323e-01
3.221345155239105362e-01
3.220779705047607244e-01
3.218210136890411466e-01
3.220830290317535649e-01
3.220971484184265154e-01
3.221520226001739484e-01
3.218097090721130371e-01
3.220405206680297949e-01
3.215245935916900555e-01
3.216308848857879488e-01
3.216709532737732080e-01
3.214821584224700768e-01
3.211133357286453105e-01
3.216339750289917143e-01
3.217742874622345206e-01
3.210136470794677788e-01
3.215525097846984592e-01
3.217016268968582171e-01
3.215882771015167174e-01
3.209914395809173593e-01
3.211619863510131734e-01
3.208165242671966455e-01
3.207133054733276589e-01
3.212510468959808296e-01
3.212476413249969465e-01
3.211209549903869531e-01
3.209889326095581308e-01
3.205968246459960924e-01
3.209998698234557968e-01
3.206928725242614853e-01
3.209448370933532524e-01
3.203036115169525244e-01
3.205291047096252566e-01
3.204756596088409459e-01
3.204076595306396547e-01
3.201886987686157204e-01
3.204826610088348238e-01
3.201850264072418351e-01
3.204174802303313974e-01
3.201699941158294704e-01
3.201343216896057053e-01
3.200480790138244824e-01
3.199241800308227357e-01
3.200653491020202801e-01
3.197171683311462176e-01
3.197994198799133381e-01
3.194052177667617842e-01
3.193151555061340408e-01
3.200648028850555660e-01
3.194140527248382488e-01
3.193835763931274219e-01
3.193526952266693142e-01
3.199927978515624827e-01
3.192404096126556512e-01
3.195292928218841366e-01
3.203637731075286710e-01
3.202882862091064320e-01
3.188615875244140696e-01
3.190469422340392880e-01
3.194269704818725741e-01
3.192937335968017432e-01
3.191857964992523278e-01
3.190950896739959686e-01
3.191492974758148304e-01
3.192856712341308745e-01
3.188386723995208505e-01
3.196328527927398411e-01
3.192421982288360383e-01
3.190679783821105953e-01
3.194851808547973793e-01
3.196625723838806277e-01
3.189599728584289751e-01
3.192511694431304781e-01
