6.810137948989868351e-01
6.238168821334838521e-01
4.960537705421447785e-01
4.436603240966797146e-01
4.256020841598510684e-01
4.159671194553375417e-01
4.051535480022430691e-01
3.954891362190246507e-01
3.865558154582977024e-01
3.809373953342437558e-01
3.781578292846679568e-01
3.770273706912994349e-01
3.747456536293029550e-01
3.726493530273437549e-01
3.706943929195404275e-01
3.643693170547485094e-01
3.565419406890869003e-01
3.516595242023468071e-01
3.475095872879028214e-01
3.461784617900848238e-01
3.443861601352691815e-01
3.459901504516601500e-01
3.422753851413726789e-01
3.424503636360168302e-01
3.409690920114517021e-01
3.417425515651703050e-01
3.417342553138733030e-01
3.406343312263488965e-01
3.406842138767242623e-01
3.407977392673492423e-01
3.420748705863952410e-01
3.390160536766052002e-01
3.403884308338165354e-01
3.390342981815337997e-01
3.388330171108245858e-01
3.383129379749297838e-01
3.384257645606994491e-01
3.376805329322815075e-01
3.386744692325592276e-01
3.387920317649841251e-01
3.391630187034607169e-01
3.395497865676879723e-01
3.372297887802124250e-01
3.365695719718932999e-01
3.371066930294036590e-01
3.381334824562072794e-01
3.360702285766601349e-01
3.365931136608124041e-01
3.367105010747909466e-01
3.365036380290984952e-01
3.370140991210937575e-01
3.363413779735565101e-01
3.363557019233703871e-01
3.363939833641051980e-01
3.356869912147522061e-01
3.373988823890686217e-01
3.366246042251587189e-01
3.355666015148162651e-01
3.377811524868011284e-01
3.372289316654205060e-01
3.379623401165008367e-01
3.370741665363311546e-01
3.360213856697082391e-01
3.368883287906646595e-01
3.348340339660644260e-01
3.365074486732482772e-01
3.358116798400879177e-01
3.348625695705413907e-01
3.357877960205077894e-01
3.362544875144958256e-01
3.362903113365173224e-01
3.356578681468963543e-01
3.370067193508148318e-01
3.357609989643096648e-01
3.342823402881622274e-01
3.352631800174712962e-01
3.367089667320251611e-01
3.344785892963409446e-01
3.355234110355377330e-01
3.345213789939880389e-01
3.357762379646301309e-01
3.366935161352157535e-01
3.352363603115081636e-01
3.348301348686218426e-01
3.343660831451416016e-01
3.357009468078613335e-01
3.351567935943603471e-01
3.335689225196838414e-01
3.344951646327972150e-01
3.339855492115020863e-01
3.342539663314819109e-01
3.342002422809600692e-01
3.336778538227081481e-01
3.355774431228637500e-01
3.353989200592040754e-01
3.338864984512329159e-01
3.339718976020812913e-01
3.336113920211791761e-01
3.343387460708618364e-01
3.346275389194488525e-01
3.334143931865692356e-01
3.348765891790390081e-01
3.355119960308075022e-01
3.336922032833099516e-01
3.330554821491241713e-01
3.331351022720336896e-01
3.341680352687835809e-01
3.331879084110260236e-01
3.328150694370269891e-01
3.329462974071502601e-01
3.338255133628845184e-01
3.333738739490508807e-01
3.325804586410522345e-01
3.356506314277649117e-01
3.335651521682739262e-01
3.337100501060485946e-01
3.335423271656036137e-01
3.332921295166015874e-01
3.332627103328704710e-01
3.330908946990966957e-01
3.335762596130371072e-01
3.329804306030273442e-01
3.333907005786895805e-01
3.339668583869934149e-01
3.329805126190185649e-01
3.338691184520721222e-01
3.333981661796570073e-01
3.340971794128417827e-01
3.335267229080200457e-01
3.332314250469207706e-01
3.351981077194213787e-01
3.330241012573242343e-01
3.326832208633422883e-01
3.323192174434662083e-01
3.317580585479736333e-01
3.322688715457915998e-01
3.321833505630493177e-01
3.331684653759002801e-01
3.313789873123169083e-01
3.331873623132705631e-01
3.337991983890533643e-01
3.321642048358917076e-01
3.324418554306030060e-01
3.327311379909515532e-01
3.333421692848205775e-01
3.329140403270721693e-01
3.320793130397796666e-01
3.331227960586548020e-01
3.330188217163085884e-01
3.320885906219482320e-01
3.337424874305724987e-01
3.312109475135803227e-01
3.325103008747100630e-01
3.326266021728515598e-01
3.321942024230957191e-01
3.317410376071929790e-01
3.315388624668121342e-01
3.329173631668090882e-01
3.321561348438262784e-01
3.313631870746612806e-01
3.312100694179535010e-01
3.333169023990630864e-01
3.312984614372253556e-01
3.325461778640746990e-01
3.317312223911285662e-01
3.312698547840118302e-01
3.313700993061065581e-01
3.320819513797759748e-01
3.325606803894042840e-01
3.329386568069457875e-01
3.321170752048492325e-01
3.311496329307556108e-01
3.312777812480926509e-01
3.305170702934265292e-01
3.309165542125702131e-01
3.334276828765869172e-01
3.329827885627746342e-01
3.308684618473052841e-01
3.324810943603515589e-01
3.315624773502349742e-01
3.309546113014221191e-01
3.315349977016449068e-01
3.313470053672790683e-01
3.312145435810089356e-01
3.331735911369323455e-01
3.328031017780304079e-01
3.305625443458556911e-01
3.308916432857513246e-01
3.327599116563796922e-01
3.300271804332733372e-01
3.302327864170074290e-01
3.301188406944274845e-01
3.309884958267211852e-01
3.299255158901214791e-01
3.311090557575225857e-01
3.307486097812652459e-01
3.304279778003692547e-01
3.298278498649597212e-01
3.299927046298980482e-01
3.304303708076476997e-01
