6.787565898895263627e-01
5.874951400756835973e-01
4.708373751640319571e-01
4.432859807014465359e-01
4.371831927299499321e-01
4.342409405708312908e-01
4.323968989849090727e-01
4.309139988422393541e-01
4.296226825714111186e-01
4.286221213340759006e-01
4.276313343048095961e-01
4.265396807193755913e-01
4.254949262142181388e-01
4.244238147735595601e-01
4.233385808467864941e-01
4.225407683849334850e-01
4.215319316387176607e-01
4.208344290256500475e-01
4.199540522098541007e-01
4.194308800697326700e-01
4.187153820991516007e-01
4.180599699020385862e-01
4.174062666893005313e-01
4.168241720199584721e-01
4.162426226139068763e-01
4.155347194671630828e-01
4.152167091369629026e-01
4.145678877830505371e-01
4.142186827659606885e-01
4.135371546745300053e-01
4.131731057167053467e-01
4.125452976226806623e-01
4.122329933643341104e-01
4.118347175121307435e-01
4.114136660099029785e-01
4.108310053348541158e-01
4.105314674377441575e-01
4.099628353118896507e-01
4.096656999588012549e-01
4.092805290222167880e-01
4.089138989448547479e-01
4.085516037940978840e-01
4.082758178710937380e-01
4.078177485466003560e-01
4.074983475208282524e-01
4.069614863395690785e-01
4.065714561939239302e-01
4.062308132648467796e-01
4.059559168815612962e-01
4.056825704574584801e-01
4.051870090961456339e-01
4.049293990135192645e-01
4.046985800266265643e-01
4.045192480087280162e-01
4.039150896072387642e-01
4.032297577857971160e-01
4.028997907638549592e-01
4.023611419200897044e-01
4.019285359382629430e-01
4.012709348201751736e-01
4.008323373794555611e-01
4.002258632183074982e-01
3.996157801151275502e-01
3.990802941322326713e-01
3.982353222370147439e-01
3.975276341438293559e-01
3.968130044937133727e-01
3.954613881111144758e-01
3.945672738552093439e-01
3.933851284980773855e-01
3.919454407691955744e-01
3.906064496040344003e-01
3.887171201705932888e-01
3.860821998119354226e-01
3.833461987972259788e-01
3.799509749412536830e-01
3.759063484668731525e-01
3.713762557506561368e-01
3.659976179599762069e-01
3.613555989265441748e-01
3.572974512577056783e-01
3.542307269573211626e-01
3.504617877006530602e-01
3.483428850173950209e-01
3.464415147304534814e-01
3.450778634548187229e-01
3.442844905853271742e-01
3.432800250053405500e-01
3.423469545841216766e-01
3.414362125396728787e-01
3.407864716053009002e-01
3.404382177591324110e-01
3.399924778938293590e-01
3.392347619533538916e-01
3.388735289573669429e-01
3.384751777648925541e-01
3.381323032379150439e-01
3.381482455730438486e-01
3.378197622299194403e-01
3.373600339889526456e-01
3.371469588279724094e-01
3.373659434318542205e-01
3.369038994312286150e-01
3.367835342884063499e-01
3.364747998714446853e-01
3.363339235782623060e-01
3.361760263442993280e-01
3.360134577751159868e-01
3.358484053611755504e-01
3.355072550773620654e-01
3.355743954181671374e-01
3.355695537328720057e-01
3.353048954010010019e-01
3.352392487525939768e-01
3.352855582237243559e-01
3.351396505832672235e-01
3.348881340026855225e-01
3.348125321865081938e-01
3.346190421581268226e-01
3.340393817424774370e-01
3.345149641036987420e-01
3.343393859863281192e-01
3.343603549003600905e-01
3.339833519458770827e-01
3.342299790382385338e-01
3.339835257530212598e-01
3.338453879356384491e-01
3.337679626941680855e-01
3.336796977519989049e-01
3.336254477500915638e-01
3.331616039276122931e-01
3.329612200260162469e-01
3.332608809471130362e-01
3.331915681362151993e-01
3.326266083717346334e-01
3.329878165721893435e-01
3.323249380588531587e-01
3.325779604911804355e-01
3.320908639431000009e-01
3.321213152408599711e-01
3.319616994857788050e-01
3.318344752788543461e-01
3.318923664093017534e-01
3.315849380493163800e-01
3.314589650630950790e-01
3.313130018711090141e-01
3.311871516704559260e-01
3.314080696105957125e-01
3.313178882598876718e-01
3.314019500017166275e-01
3.316141915321350053e-01
3.306141500473022687e-01
3.309193813800812012e-01
3.308709409236907928e-01
3.308274989128112686e-01
3.305547323226928902e-01
3.305460605621338144e-01
3.308597016334533514e-01
3.306138744354247816e-01
3.305139241218567059e-01
3.307533550262451438e-01
3.301136295795440434e-01
3.305396828651428476e-01
3.298744587898254643e-01
3.299565494060516246e-01
3.300981070995330779e-01
3.299528810977935822e-01
3.293849110603332409e-01
3.295648744106292605e-01
3.293921470642089955e-01
3.296780109405517689e-01
3.297174589633941610e-01
3.290904023647308607e-01
3.289926252365112380e-01
3.290531494617462416e-01
3.288934061527252206e-01
3.292054865360259930e-01
3.290338187217712318e-01
3.285262243747711364e-01
3.286744771003723420e-01
3.283222548961639564e-01
3.283439910411834473e-01
3.284180254936218124e-01
3.284643926620483545e-01
3.281149568557739093e-01
3.281377429962158421e-01
3.286341869831085338e-01
3.281394860744476505e-01
3.279665863513946400e-01
3.276512451171875173e-01
3.279289653301238894e-01
3.275889627933502024e-01
3.275021407604217782e-01
3.276005613803863459e-01
3.276125063896179190e-01
3.276012501716613623e-01
3.277020318508148122e-01
3.273828070163726789e-01
3.276506969928741353e-01
3.274310939311981250e-01
