6.824361963272094211e-01
5.240949816703796005e-01
4.358686523437499960e-01
4.298142628669738841e-01
4.264792549610137984e-01
4.246440515518188352e-01
4.229178700447082662e-01
4.215211358070373726e-01
4.207312707901000870e-01
4.202392916679382195e-01
4.196336786746978631e-01
4.189063653945923060e-01
4.182428994178771786e-01
4.178645820617675755e-01
4.171418619155883856e-01
4.169621157646179466e-01
4.168659074306488299e-01
4.160125622749328844e-01
4.154571771621703991e-01
4.152542335987091104e-01
4.151270375251769895e-01
4.146549952030181840e-01
4.139137101173400723e-01
4.137212829589843599e-01
4.132415328025818013e-01
4.127836756706237953e-01
4.127380774021148779e-01
4.126033396720886204e-01
4.118232750892639182e-01
4.116224923133849911e-01
4.113124413490295561e-01
4.107348237037658500e-01
4.108347203731536612e-01
4.106780591011047199e-01
4.099086346626281685e-01
4.098293657302856663e-01
4.094249846935272275e-01
4.095393095016479634e-01
4.095603010654449427e-01
4.087294728755950790e-01
4.083765864372253529e-01
4.079381406307220348e-01
4.074384431838989351e-01
4.076531062126159677e-01
4.069663510322570898e-01
4.073574962615966744e-01
4.075447206497192498e-01
4.064223945140838512e-01
4.064882540702819957e-01
4.060933573246002237e-01
4.061421971321105828e-01
4.058458228111266886e-01
4.056154203414916726e-01
4.052538070678711191e-01
4.049431457519531152e-01
4.049736483097076678e-01
4.051584529876708918e-01
4.051529438495635738e-01
4.050854566097259468e-01
4.047690157890319607e-01
4.047027473449706925e-01
4.046579418182373322e-01
4.041039099693298220e-01
4.047909760475158492e-01
4.039153020381927583e-01
4.037074224948882795e-01
4.033128941059112571e-01
4.034362525939941269e-01
4.032703003883361670e-01
4.032352726459503267e-01
4.026753020286559792e-01
4.022269310951233079e-01
4.031187591552734539e-01
4.028538446426391806e-01
4.026829218864441118e-01
4.025781757831573549e-01
4.022361989021301376e-01
4.023054566383361674e-01
4.020355887413024631e-01
4.024672231674194522e-01
4.015464677810668959e-01
4.015809974670410121e-01
4.013935651779174663e-01
4.017631604671478285e-01
4.014666571617126478e-01
4.014783403873443679e-01
4.010683374404906965e-01
4.009444417953491047e-01
4.009559192657470850e-01
4.017667882442474414e-01
4.007564702033996618e-01
4.007077822685241597e-01
4.005716795921325790e-01
4.009376354217529248e-01
4.006477336883544904e-01
4.008357484340667742e-01
4.004255151748657426e-01
4.002496438026428294e-01
3.995345885753631698e-01
3.980434427261352326e-01
3.943203597068786759e-01
3.877923531532287416e-01
3.817229831218719727e-01
3.771901431083679035e-01
3.732124528884887549e-01
3.704799602031707551e-01
3.679788012504577877e-01
3.667262654304504488e-01
3.655253400802612185e-01
3.636122543811798336e-01
3.605949578285217449e-01
3.568726198673248251e-01
3.528305494785308749e-01
3.490226926803589036e-01
3.477294025421142631e-01
3.458713908195495401e-01
3.447807562351226651e-01
3.441807255744934180e-01
3.437933797836303929e-01
3.424625225067138845e-01
3.434015166759490922e-01
3.423605782985687518e-01
3.424020037651062109e-01
3.420913302898406783e-01
3.408054528236389435e-01
3.414079566001891886e-01
3.407428750991821076e-01
3.402142615318298202e-01
3.404809789657592956e-01
3.403083338737487584e-01
3.398552126884460400e-01
3.403850953578949068e-01
3.397147996425628480e-01
3.386033198833465763e-01
3.391079680919646955e-01
3.391591819524765183e-01
3.391377625465393231e-01
3.387774846553802677e-01
3.373442635536194056e-01
3.383094992637634135e-01
3.385106124877929612e-01
3.375178687572479297e-01
3.380834958553314284e-01
3.375633959770202863e-01
3.377571849822997851e-01
3.376458246707916278e-01
3.378012764453888206e-01
3.371219544410705704e-01
3.367342059612274396e-01
3.375385985374450559e-01
3.368672406673431374e-01
3.363059022426605482e-01
3.374449219703674063e-01
3.370917556285858430e-01
3.374336848258971955e-01
3.365430850982665811e-01
3.377210063934326101e-01
3.375171074867248655e-01
3.360687584877014022e-01
3.368370156288146844e-01
3.370503783226013184e-01
3.360947949886322061e-01
3.369688606262207231e-01
3.363955955505371076e-01
3.366332428455352521e-01
3.358030397891998420e-01
3.357276302576064908e-01
3.359302649497986071e-01
3.369932608604431223e-01
3.359513409137726003e-01
3.358669786453247208e-01
3.370042018890380686e-01
3.361361536979675102e-01
3.353782541751861301e-01
3.353608467578887975e-01
3.356072068214416282e-01
3.345920178890228192e-01
3.361198706626892241e-01
3.354002821445465354e-01
3.358995673656463565e-01
3.350704317092895734e-01
3.359024362564086985e-01
3.353265979290008802e-01
3.358310694694519039e-01
3.366391015052795366e-01
3.345755519866943084e-01
3.344227857589721631e-01
3.346992065906524427e-01
3.350601928234100413e-01
3.352068500518798899e-01
3.345429580211639609e-01
3.344704017639160143e-01
3.346285772323608354e-01
3.337715253829955930e-01
3.337870266437530375e-01
3.350763034820556374e-01
3.343217384815215798e-01
3.339846887588501234e-01
3.338669641017913969e-01
3.354013993740082022e-01
