6.637767000198364631e-01
4.705317239761352410e-01
4.399656023979187092e-01
4.321604630947112891e-01
4.277513780593872328e-01
4.250480272769928125e-01
4.222756958007812256e-01
4.200620141029358101e-01
4.189221491813659437e-01
4.170158963203430269e-01
4.167063231468200457e-01
4.157267956733703418e-01
4.149607577323913832e-01
4.141138403415680069e-01
4.130273578166961945e-01
4.132519795894623038e-01
4.122700438499450892e-01
4.121129961013794141e-01
4.106156520843505797e-01
4.106734247207641797e-01
4.091923720836639355e-01
4.094580550193786528e-01
4.077758121490478449e-01
4.074060130119323553e-01
4.061746008396148744e-01
4.062689204216003436e-01
4.050292730331420676e-01
4.040537328720092969e-01
4.035785093307495131e-01
4.032161588668823349e-01
4.023548362255096600e-01
4.015573382377624623e-01
4.002064752578735618e-01
3.977965245246887216e-01
3.949091472625732568e-01
3.897585308551788086e-01
3.828709142208099325e-01
3.760867922306060929e-01
3.694285378456115820e-01
3.641663718223571711e-01
3.604019391536712469e-01
3.592103328704833731e-01
3.567383887767791584e-01
3.565673458576202326e-01
3.537066037654876816e-01
3.538018536567688055e-01
3.508701801300048717e-01
3.513961179256439027e-01
3.489944860935211279e-01
3.482211139202117667e-01
3.477096548080444438e-01
3.479886169433593635e-01
3.455293726921081499e-01
3.452981517314910875e-01
3.447226047515868919e-01
3.435330843925475941e-01
3.449675559997558705e-01
3.435211768150329692e-01
3.432704124450683403e-01
3.422790961265563814e-01
3.424702470302581903e-01
3.421575174331665248e-01
3.412190501689910671e-01
3.405774517059326212e-01
3.399772744178771733e-01
3.391430394649505575e-01
3.399667677879333327e-01
3.417456455230712953e-01
3.378293972015380953e-01
3.385917434692382599e-01
3.383722672462463610e-01
3.389120318889617955e-01
3.371894569396972630e-01
3.373554589748382626e-01
3.358400495052337731e-01
3.360484569072723637e-01
3.365996065139770232e-01
3.361287384033203041e-01
3.357035560607909974e-01
3.369078755378723256e-01
3.350062146186828516e-01
3.339234640598296999e-01
3.342743089199066153e-01
3.341840553283691451e-01
3.338393321037292361e-01
3.344140217304229501e-01
3.344448883533477912e-01
3.345594434738159428e-01
3.334389159679412851e-01
3.331061813831329155e-01
3.332301348447799794e-01
3.336602263450622607e-01
3.339687919616698975e-01
3.324283180236816682e-01
3.316849191188812052e-01
3.323594086170196804e-01
3.326046085357666215e-01
3.329727107286453158e-01
3.332450284957885756e-01
3.330358622074127140e-01
3.308641178607940603e-01
3.309526166915893741e-01
3.309155998229980633e-01
3.323159148693084486e-01
3.317162625789642494e-01
3.306523489952087336e-01
3.309390068054199330e-01
3.299962728023528857e-01
3.290837540626526114e-01
3.303613038063049068e-01
3.303179314136505118e-01
3.305073473453521982e-01
3.305742802619934251e-01
3.296637165546417170e-01
3.308573977947235067e-01
3.300379710197448579e-01
3.290182869434356561e-01
3.293160684108734082e-01
3.294624221324920499e-01
3.300604541301727091e-01
3.298922190666198628e-01
3.289658966064453183e-01
3.298912265300750768e-01
3.309580566883086883e-01
3.286739785671234371e-01
3.280012340545654381e-01
3.303271328210830582e-01
3.282905187606811603e-01
3.284204182624816948e-01
3.278746578693390035e-01
3.277768526077270428e-01
3.270366075038909637e-01
3.294979822635650812e-01
3.331582207679748553e-01
3.297506072521209641e-01
3.291675393581390274e-01
3.265155971050262562e-01
3.269184093475341890e-01
3.274038057327270379e-01
3.279405078887939196e-01
3.277860400676727570e-01
3.266050395965576225e-01
3.272450947761535445e-01
3.272425491809844988e-01
3.273494124412536510e-01
3.268368849754333394e-01
3.263376412391662540e-01
3.266184880733489782e-01
3.269572825431823482e-01
3.259984982013702237e-01
3.264056315422058097e-01
3.253290634155273642e-01
3.271850781440734934e-01
3.256021797657012717e-01
3.265402462482452361e-01
3.258914191722869780e-01
3.247837312221527051e-01
3.269133203029632728e-01
3.262671463489532631e-01
3.274307041168212917e-01
3.266612508296966588e-01
3.256189777851104528e-01
3.255616397857665767e-01
3.251090574264526301e-01
3.261738245487212917e-01
3.268127458095550497e-01
3.267394788265228223e-01
3.264871058464050568e-01
3.248171103000641047e-01
3.251903831958770641e-01
3.243614740371704164e-01
3.256185033321380429e-01
3.257742365598678691e-01
3.261055715084075768e-01
3.262743477821349880e-01
3.252519946098327841e-01
3.257214772701263472e-01
3.251007812023162802e-01
3.253086762428283873e-01
3.258249580860138050e-01
3.235188689231872639e-01
3.249884757995605278e-01
3.239891099929809726e-01
3.243770551681518510e-01
3.257834563255310178e-01
3.237349627017974685e-01
3.243296465873718448e-01
3.240998053550720459e-01
3.233692452907562243e-01
3.245391690731048717e-01
3.229069721698760720e-01
3.232721977233886657e-01
3.241611719131469727e-01
3.224461381435394514e-01
3.227693123817443888e-01
3.230356311798095459e-01
3.233189859390258603e-01
3.228849847316742072e-01
3.224049592018127242e-01
3.234881622791290212e-01
