7.956250000000000266e-01
7.960000000000000409e-01
7.960000000000000409e-01
7.960000000000000409e-01
7.960000000000000409e-01
7.960000000000000409e-01
7.960000000000000409e-01
7.960000000000000409e-01
7.960000000000000409e-01
7.960000000000000409e-01
7.964999999999999858e-01
8.272500000000000409e-01
8.301250000000000018e-01
8.315000000000000169e-01
8.317499999999999893e-01
8.306249999999999467e-01
8.332500000000000462e-01
8.319999999999999618e-01
8.345000000000000195e-01
8.332500000000000462e-01
8.346249999999999503e-01
8.345000000000000195e-01
8.331250000000000044e-01
8.348750000000000338e-01
8.356249999999999512e-01
8.347499999999999920e-01
8.366249999999999520e-01
8.361250000000000071e-01
8.361250000000000071e-01
8.362500000000000488e-01
8.355000000000000204e-01
8.367499999999999938e-01
8.368750000000000355e-01
8.373749999999999805e-01
8.401250000000000107e-01
8.433749999999999858e-01
8.449999999999999734e-01
8.457500000000000018e-01
8.489999999999999769e-01
8.526249999999999662e-01
8.536249999999999671e-01
8.538750000000000506e-01
8.558750000000000524e-01
8.532499999999999529e-01
8.577500000000000124e-01
8.548750000000000515e-01
8.582499999999999574e-01
8.561250000000000249e-01
8.576249999999999707e-01
8.603750000000000009e-01
8.603750000000000009e-01
8.596249999999999725e-01
8.618749999999999467e-01
8.601250000000000284e-01
8.596249999999999725e-01
8.608749999999999458e-01
8.601250000000000284e-01
8.591250000000000275e-01
8.611250000000000293e-01
8.626249999999999751e-01
8.632499999999999618e-01
8.616249999999999742e-01
8.629999999999999893e-01
8.641250000000000320e-01
8.647500000000000187e-01
8.627500000000000169e-01
8.628749999999999476e-01
8.606249999999999734e-01
8.633750000000000036e-01
8.633750000000000036e-01
8.645000000000000462e-01
8.627500000000000169e-01
8.612499999999999600e-01
8.646249999999999769e-01
8.645000000000000462e-01
8.649999999999999911e-01
8.632499999999999618e-01
8.618749999999999467e-01
8.648749999999999494e-01
8.626249999999999751e-01
8.647500000000000187e-01
8.627500000000000169e-01
8.632499999999999618e-01
8.656249999999999778e-01
8.648749999999999494e-01
8.641250000000000320e-01
8.632499999999999618e-01
8.623750000000000027e-01
8.605000000000000426e-01
8.643750000000000044e-01
8.639999999999999902e-01
8.628749999999999476e-01
8.637500000000000178e-01
8.645000000000000462e-01
8.657500000000000195e-01
8.636249999999999760e-01
8.658749999999999503e-01
8.632499999999999618e-01
8.643750000000000044e-01
8.636249999999999760e-01
8.633750000000000036e-01
8.629999999999999893e-01
8.627500000000000169e-01
8.643750000000000044e-01
8.652499999999999636e-01
8.637500000000000178e-01
8.655000000000000471e-01
8.649999999999999911e-01
8.656249999999999778e-01
8.651250000000000329e-01
8.661250000000000338e-01
8.629999999999999893e-01
8.652499999999999636e-01
8.649999999999999911e-01
8.653750000000000053e-01
8.622499999999999609e-01
8.657500000000000195e-01
8.647500000000000187e-01
8.663750000000000062e-01
8.656249999999999778e-01
8.648749999999999494e-01
8.647500000000000187e-01
8.638749999999999485e-01
8.641250000000000320e-01
8.658749999999999503e-01
8.642499999999999627e-01
8.653750000000000053e-01
8.657500000000000195e-01
8.641250000000000320e-01
8.656249999999999778e-01
8.656249999999999778e-01
8.671250000000000346e-01
8.652499999999999636e-01
8.611250000000000293e-01
8.645000000000000462e-01
8.657500000000000195e-01
8.663750000000000062e-01
8.657500000000000195e-01
8.661250000000000338e-01
8.655000000000000471e-01
8.668749999999999512e-01
8.653750000000000053e-01
8.651250000000000329e-01
8.676249999999999796e-01
8.663750000000000062e-01
8.667500000000000204e-01
8.662499999999999645e-01
8.672499999999999654e-01
8.649999999999999911e-01
8.677500000000000213e-01
8.652499999999999636e-01
8.652499999999999636e-01
8.667500000000000204e-01
8.662499999999999645e-01
8.665000000000000480e-01
8.679999999999999938e-01
8.683750000000000080e-01
8.643750000000000044e-01
8.679999999999999938e-01
8.652499999999999636e-01
8.661250000000000338e-01
8.666249999999999787e-01
8.663750000000000062e-01
8.675000000000000488e-01
8.663750000000000062e-01
8.657500000000000195e-01
8.676249999999999796e-01
8.673750000000000071e-01
8.653750000000000053e-01
8.662499999999999645e-01
8.656249999999999778e-01
8.642499999999999627e-01
8.663750000000000062e-01
8.675000000000000488e-01
8.663750000000000062e-01
8.686249999999999805e-01
8.669999999999999929e-01
8.659999999999999920e-01
8.659999999999999920e-01
8.695000000000000506e-01
8.645000000000000462e-01
8.647500000000000187e-01
8.672499999999999654e-01
8.661250000000000338e-01
8.665000000000000480e-01
8.651250000000000329e-01
8.663750000000000062e-01
8.663750000000000062e-01
8.669999999999999929e-01
8.677500000000000213e-01
8.661250000000000338e-01
8.675000000000000488e-01
8.663750000000000062e-01
8.689999999999999947e-01
8.676249999999999796e-01
8.677500000000000213e-01
8.681250000000000355e-01
8.686249999999999805e-01
8.687500000000000222e-01
8.667500000000000204e-01
