7.951249999999999707e-01
7.960000000000000409e-01
7.960000000000000409e-01
7.960000000000000409e-01
7.960000000000000409e-01
7.960000000000000409e-01
7.960000000000000409e-01
7.960000000000000409e-01
8.096250000000000391e-01
8.205000000000000071e-01
8.259999999999999565e-01
8.276250000000000551e-01
8.301250000000000018e-01
8.315000000000000169e-01
8.317499999999999893e-01
8.333749999999999769e-01
8.331250000000000044e-01
8.348750000000000338e-01
8.351250000000000062e-01
8.361250000000000071e-01
8.362500000000000488e-01
8.336249999999999494e-01
8.352500000000000480e-01
8.356249999999999512e-01
8.345000000000000195e-01
8.357499999999999929e-01
8.358750000000000346e-01
8.357499999999999929e-01
8.339999999999999636e-01
8.371250000000000080e-01
8.351250000000000062e-01
8.352500000000000480e-01
8.383749999999999813e-01
8.378750000000000364e-01
8.373749999999999805e-01
8.389999999999999680e-01
8.388750000000000373e-01
8.375000000000000222e-01
8.377499999999999947e-01
8.382500000000000506e-01
8.385000000000000231e-01
8.373749999999999805e-01
8.391250000000000098e-01
8.391250000000000098e-01
8.387499999999999956e-01
8.396249999999999547e-01
8.409999999999999698e-01
8.409999999999999698e-01
8.415000000000000258e-01
8.431250000000000133e-01
8.433749999999999858e-01
8.432500000000000551e-01
8.418750000000000400e-01
8.453749999999999876e-01
8.445000000000000284e-01
8.455000000000000293e-01
8.457500000000000018e-01
8.467500000000000027e-01
8.485000000000000320e-01
8.479999999999999760e-01
8.492499999999999494e-01
8.517500000000000071e-01
8.531250000000000222e-01
8.546249999999999680e-01
8.563749999999999973e-01
8.616249999999999742e-01
8.613750000000000018e-01
8.639999999999999902e-01
8.655000000000000471e-01
8.643750000000000044e-01
8.639999999999999902e-01
8.671250000000000346e-01
8.647500000000000187e-01
8.655000000000000471e-01
8.658749999999999503e-01
8.657500000000000195e-01
8.678749999999999520e-01
8.663750000000000062e-01
8.673750000000000071e-01
8.659999999999999920e-01
8.652499999999999636e-01
8.663750000000000062e-01
8.655000000000000471e-01
8.661250000000000338e-01
8.666249999999999787e-01
8.667500000000000204e-01
8.673750000000000071e-01
8.681250000000000355e-01
8.661250000000000338e-01
8.672499999999999654e-01
8.668749999999999512e-01
8.663750000000000062e-01
8.671250000000000346e-01
8.665000000000000480e-01
8.666249999999999787e-01
8.676249999999999796e-01
8.687500000000000222e-01
8.681250000000000355e-01
8.675000000000000488e-01
8.679999999999999938e-01
8.686249999999999805e-01
8.668749999999999512e-01
8.676249999999999796e-01
8.687500000000000222e-01
8.696249999999999813e-01
8.681250000000000355e-01
8.687500000000000222e-01
8.687500000000000222e-01
8.701250000000000373e-01
8.681250000000000355e-01
8.673750000000000071e-01
8.673750000000000071e-01
8.678749999999999520e-01
8.668749999999999512e-01
8.685000000000000497e-01
8.679999999999999938e-01
8.686249999999999805e-01
8.673750000000000071e-01
8.675000000000000488e-01
8.683750000000000080e-01
8.665000000000000480e-01
8.686249999999999805e-01
8.675000000000000488e-01
8.683750000000000080e-01
8.678749999999999520e-01
8.677500000000000213e-01
8.683750000000000080e-01
8.693750000000000089e-01
8.689999999999999947e-01
8.685000000000000497e-01
8.671250000000000346e-01
8.678749999999999520e-01
8.678749999999999520e-01
8.695000000000000506e-01
8.676249999999999796e-01
8.687500000000000222e-01
8.678749999999999520e-01
8.682499999999999662e-01
8.697500000000000231e-01
8.682499999999999662e-01
8.679999999999999938e-01
8.677500000000000213e-01
8.687500000000000222e-01
8.673750000000000071e-01
8.699999999999999956e-01
8.683750000000000080e-01
8.688749999999999529e-01
8.687500000000000222e-01
8.676249999999999796e-01
8.687500000000000222e-01
8.683750000000000080e-01
8.705000000000000515e-01
8.688749999999999529e-01
8.701250000000000373e-01
8.681250000000000355e-01
8.675000000000000488e-01
8.691250000000000364e-01
8.687500000000000222e-01
8.682499999999999662e-01
8.688749999999999529e-01
8.683750000000000080e-01
8.691250000000000364e-01
8.678749999999999520e-01
8.686249999999999805e-01
8.691250000000000364e-01
8.685000000000000497e-01
8.681250000000000355e-01
8.692499999999999671e-01
8.683750000000000080e-01
8.679999999999999938e-01
8.688749999999999529e-01
8.683750000000000080e-01
8.683750000000000080e-01
8.673750000000000071e-01
8.691250000000000364e-01
8.676249999999999796e-01
8.693750000000000089e-01
8.689999999999999947e-01
8.675000000000000488e-01
8.685000000000000497e-01
8.687500000000000222e-01
8.683750000000000080e-01
8.687500000000000222e-01
8.687500000000000222e-01
8.682499999999999662e-01
8.682499999999999662e-01
8.693750000000000089e-01
8.685000000000000497e-01
8.699999999999999956e-01
8.686249999999999805e-01
8.679999999999999938e-01
8.697500000000000231e-01
8.683750000000000080e-01
8.687500000000000222e-01
8.693750000000000089e-01
8.677500000000000213e-01
8.689999999999999947e-01
8.672499999999999654e-01
8.687500000000000222e-01
8.668749999999999512e-01
