7.870000000000000329e-01
7.960000000000000409e-01
7.960000000000000409e-01
7.960000000000000409e-01
7.960000000000000409e-01
7.960000000000000409e-01
7.960000000000000409e-01
7.960000000000000409e-01
7.960000000000000409e-01
7.960000000000000409e-01
7.960000000000000409e-01
7.960000000000000409e-01
7.960000000000000409e-01
8.077499999999999680e-01
8.182500000000000329e-01
8.195000000000000062e-01
8.221249999999999947e-01
8.227499999999999813e-01
8.243749999999999689e-01
8.248750000000000249e-01
8.253749999999999698e-01
8.263749999999999707e-01
8.265000000000000124e-01
8.285000000000000142e-01
8.288750000000000284e-01
8.299999999999999600e-01
8.306249999999999467e-01
8.313749999999999751e-01
8.319999999999999618e-01
8.323749999999999760e-01
8.333749999999999769e-01
8.321250000000000036e-01
8.328750000000000320e-01
8.341250000000000053e-01
8.338750000000000329e-01
8.342500000000000471e-01
8.349999999999999645e-01
8.339999999999999636e-01
8.345000000000000195e-01
8.353749999999999787e-01
8.346249999999999503e-01
8.339999999999999636e-01
8.357499999999999929e-01
8.356249999999999512e-01
8.353749999999999787e-01
8.359999999999999654e-01
8.357499999999999929e-01
8.377499999999999947e-01
8.369999999999999662e-01
8.366249999999999520e-01
8.369999999999999662e-01
8.357499999999999929e-01
8.372500000000000497e-01
8.366249999999999520e-01
8.361250000000000071e-01
8.365000000000000213e-01
8.362500000000000488e-01
8.373749999999999805e-01
8.365000000000000213e-01
8.369999999999999662e-01
8.373749999999999805e-01
8.372500000000000497e-01
8.365000000000000213e-01
8.371250000000000080e-01
8.368750000000000355e-01
8.363749999999999796e-01
8.367499999999999938e-01
8.383749999999999813e-01
8.379999999999999671e-01
8.383749999999999813e-01
8.375000000000000222e-01
8.367499999999999938e-01
8.375000000000000222e-01
8.376249999999999529e-01
8.375000000000000222e-01
8.375000000000000222e-01
8.375000000000000222e-01
8.362500000000000488e-01
8.382500000000000506e-01
8.363749999999999796e-01
8.363749999999999796e-01
8.367499999999999938e-01
8.378750000000000364e-01
8.366249999999999520e-01
8.378750000000000364e-01
8.378750000000000364e-01
8.367499999999999938e-01
8.366249999999999520e-01
8.375000000000000222e-01
8.376249999999999529e-01
8.378750000000000364e-01
8.369999999999999662e-01
8.361250000000000071e-01
8.377499999999999947e-01
8.382500000000000506e-01
8.386249999999999538e-01
8.375000000000000222e-01
8.376249999999999529e-01
8.369999999999999662e-01
8.389999999999999680e-01
8.397499999999999964e-01
8.437500000000000000e-01
8.475000000000000311e-01
8.483749999999999902e-01
8.499999999999999778e-01
8.519999999999999796e-01
8.537500000000000089e-01
8.523749999999999938e-01
8.559999999999999831e-01
8.555000000000000382e-01
8.563749999999999973e-01
8.581250000000000266e-01
8.596249999999999725e-01
8.605000000000000426e-01
8.606249999999999734e-01
8.618749999999999467e-01
8.617500000000000160e-01
8.623750000000000027e-01
8.606249999999999734e-01
8.639999999999999902e-01
8.625000000000000444e-01
8.625000000000000444e-01
8.629999999999999893e-01
8.623750000000000027e-01
8.637500000000000178e-01
8.623750000000000027e-01
8.621250000000000302e-01
8.646249999999999769e-01
8.625000000000000444e-01
8.633750000000000036e-01
8.641250000000000320e-01
8.645000000000000462e-01
8.613750000000000018e-01
8.646249999999999769e-01
8.632499999999999618e-01
8.639999999999999902e-01
8.642499999999999627e-01
8.623750000000000027e-01
8.646249999999999769e-01
8.652499999999999636e-01
8.628749999999999476e-01
8.625000000000000444e-01
8.632499999999999618e-01
8.635000000000000453e-01
8.636249999999999760e-01
8.638749999999999485e-01
8.638749999999999485e-01
8.645000000000000462e-01
8.631250000000000311e-01
8.641250000000000320e-01
8.645000000000000462e-01
8.655000000000000471e-01
8.642499999999999627e-01
8.643750000000000044e-01
8.657500000000000195e-01
8.645000000000000462e-01
8.653750000000000053e-01
8.641250000000000320e-01
8.646249999999999769e-01
8.623750000000000027e-01
8.637500000000000178e-01
8.637500000000000178e-01
8.643750000000000044e-01
8.648749999999999494e-01
8.646249999999999769e-01
8.641250000000000320e-01
8.645000000000000462e-01
8.648749999999999494e-01
8.648749999999999494e-01
8.635000000000000453e-01
8.641250000000000320e-01
8.638749999999999485e-01
8.671250000000000346e-01
8.656249999999999778e-01
8.642499999999999627e-01
8.652499999999999636e-01
8.648749999999999494e-01
8.645000000000000462e-01
8.658749999999999503e-01
8.642499999999999627e-01
8.643750000000000044e-01
8.628749999999999476e-01
8.642499999999999627e-01
8.653750000000000053e-01
8.667500000000000204e-01
8.652499999999999636e-01
8.649999999999999911e-01
8.652499999999999636e-01
8.658749999999999503e-01
8.651250000000000329e-01
8.648749999999999494e-01
8.643750000000000044e-01
8.639999999999999902e-01
8.649999999999999911e-01
8.651250000000000329e-01
8.651250000000000329e-01
8.647500000000000187e-01
8.651250000000000329e-01
8.671250000000000346e-01
8.659999999999999920e-01
