6.742429747581482058e-01
5.428975620269775870e-01
4.498499374389648420e-01
4.355487475395202757e-01
4.310331807136535409e-01
4.280582697391510094e-01
4.260365235805511630e-01
4.243462204933166615e-01
4.231796119213104279e-01
4.223948435783386191e-01
4.211455328464507875e-01
4.205782184600830309e-01
4.195387487411498806e-01
4.192056417465209739e-01
4.183202886581420810e-01
4.177902801036834646e-01
4.170421516895294056e-01
4.163477311134338166e-01
4.159123420715332142e-01
4.153178443908691619e-01
4.146205058097839347e-01
4.143692593574523908e-01
4.136259694099426176e-01
4.131203594207763508e-01
4.127115893363952903e-01
4.120817203521728311e-01
4.116031379699707227e-01
4.110256364345550306e-01
4.107025051116943160e-01
4.103739283084869571e-01
4.097319068908691353e-01
4.095092825889587451e-01
4.090948274135589591e-01
4.085214588642120392e-01
4.082671353816986204e-01
4.076656785011291695e-01
4.073343892097472940e-01
4.066170666217803764e-01
4.063233039379119949e-01
4.058076567649841482e-01
4.054774942398071125e-01
4.050091912746429657e-01
4.046193084716797062e-01
4.039279952049255606e-01
4.035056486129760533e-01
4.029555106163024703e-01
4.028606820106506170e-01
4.020206356048584007e-01
4.011019511222839173e-01
4.006966781616210782e-01
3.998127770423889338e-01
3.984967250823974738e-01
3.979137861728668235e-01
3.967539815902709766e-01
3.946078729629516335e-01
3.919928836822509921e-01
3.883373174667358319e-01
3.848679049015045206e-01
3.811048436164856112e-01
3.776607527732849245e-01
3.742137372493744008e-01
3.705071797370910747e-01
3.660885658264160236e-01
3.618844668865203729e-01
3.552090005874633527e-01
3.501810891628265310e-01
3.461422214508056427e-01
3.437096130847930864e-01
3.410969657897949259e-01
3.388757960796356383e-01
3.375168700218200701e-01
3.367024021148681823e-01
3.355794203281402543e-01
3.345661118030547887e-01
3.336253180503845339e-01
3.329986381530761763e-01
3.318598608970642072e-01
3.315321559906005966e-01
3.310695071220398078e-01
3.303584935665130340e-01
3.302441127300262402e-01
3.297725725173950018e-01
3.292048392295837678e-01
3.291637985706329372e-01
3.285417392253875968e-01
3.288062922954559375e-01
3.279656033515930269e-01
3.278368027210235569e-01
3.281320166587829434e-01
3.277223520278930713e-01
3.274954113960266144e-01
3.273418595790862917e-01
3.269394822120666455e-01
3.268584756851196094e-01
3.268909354209900142e-01
3.267048563957214435e-01
3.263443439006805669e-01
3.259994392395019758e-01
3.258958072662353489e-01
3.259952468872070463e-01
3.259008498191833247e-01
3.257189803123474170e-01
3.258489637374877845e-01
3.251265296936035054e-01
3.252653393745422172e-01
3.251852226257324063e-01
3.246160511970520024e-01
3.252482681274413978e-01
3.247028884887695477e-01
3.243482675552368244e-01
3.245146024227142378e-01
3.242379648685455584e-01
3.241376130580901904e-01
3.239108171463012664e-01
3.236638545989990456e-01
3.237448368072509686e-01
3.236601521968841544e-01
3.232598136663437094e-01
3.233583884239196737e-01
3.234731316566467063e-01
3.230896455049514504e-01
3.230691421031952060e-01
3.233225550651550040e-01
3.233041708469390763e-01
3.228653905391692946e-01
3.228902783393859943e-01
3.228260843753814613e-01
3.226528884172439327e-01
3.227828719615936093e-01
3.225177576541900515e-01
3.227663166522979910e-01
3.226172025203704607e-01
3.230838398933410516e-01
3.221364455223083567e-01
3.222414438724517938e-01
3.223896920680999756e-01
3.224267699718475488e-01
3.220313777923584087e-01
3.218845467567443830e-01
3.221630926132202366e-01
3.216436431407928564e-01
3.221859120130539100e-01
3.220816175937652459e-01
3.217256836891174143e-01
3.215572123527526971e-01
3.218488285541534211e-01
3.217048237323760773e-01
3.216566429138183469e-01
3.213295619487762655e-01
3.214230142831802639e-01
3.215378599166869855e-01
3.214982378482818537e-01
3.214061043262481654e-01
3.212034647464752091e-01
3.211472537517547354e-01
3.208793716430664023e-01
3.208151316642761097e-01
3.207556717395782520e-01
3.207735176086425888e-01
3.208387417793274188e-01
3.206809322834014986e-01
3.209216365814209215e-01
3.208334672451019220e-01
3.207529039382934766e-01
3.212407627105712815e-01
3.204645051956176993e-01
3.205815162658691153e-01
3.204116744995117450e-01
3.205924177169799938e-01
3.203007998466491646e-01
3.203256361484527748e-01
3.202638278007507444e-01
3.200237593650817614e-01
3.199932056665420466e-01
3.199940117597580014e-01
3.202748990058899015e-01
3.201631391048431197e-01
3.200719616413116309e-01
3.196383035182953081e-01
3.198159000873565527e-01
3.199332964420318337e-01
3.198892035484314222e-01
3.197322373390197869e-01
3.196220023632049823e-01
3.200091531276703094e-01
3.194454438686371023e-01
3.194527246952056920e-01
3.194187667369842720e-01
3.197246985435485689e-01
3.196247982978820956e-01
3.188748850822448744e-01
3.196014897823333811e-01
3.193692779541015825e-01
3.193030920028686603e-01
3.191978449821472053e-01
3.188228130340576283e-01
3.194280579090118533e-01
3.190647504329681139e-01
3.195187370777129998e-01
3.188821425437927126e-01
