7.960000000000000409e-01
7.960000000000000409e-01
7.960000000000000409e-01
7.960000000000000409e-01
7.960000000000000409e-01
7.960000000000000409e-01
7.960000000000000409e-01
7.960000000000000409e-01
7.960000000000000409e-01
7.960000000000000409e-01
7.960000000000000409e-01
7.960000000000000409e-01
7.967499999999999583e-01
8.316249999999999476e-01
8.333749999999999769e-01
8.326249999999999485e-01
8.336249999999999494e-01
8.343749999999999778e-01
8.326249999999999485e-01
8.326249999999999485e-01
8.349999999999999645e-01
8.358750000000000346e-01
8.365000000000000213e-01
8.359999999999999654e-01
8.358750000000000346e-01
8.371250000000000080e-01
8.356249999999999512e-01
8.356249999999999512e-01
8.351250000000000062e-01
8.362500000000000488e-01
8.361250000000000071e-01
8.335000000000000187e-01
8.353749999999999787e-01
8.379999999999999671e-01
8.357499999999999929e-01
8.363749999999999796e-01
8.366249999999999520e-01
8.367499999999999938e-01
8.348750000000000338e-01
8.371250000000000080e-01
8.359999999999999654e-01
8.375000000000000222e-01
8.372500000000000497e-01
8.333749999999999769e-01
8.369999999999999662e-01
8.377499999999999947e-01
8.377499999999999947e-01
8.378750000000000364e-01
8.381250000000000089e-01
8.375000000000000222e-01
8.373749999999999805e-01
8.377499999999999947e-01
8.385000000000000231e-01
8.386249999999999538e-01
8.386249999999999538e-01
8.373749999999999805e-01
8.386249999999999538e-01
8.369999999999999662e-01
8.372500000000000497e-01
8.383749999999999813e-01
8.396249999999999547e-01
8.389999999999999680e-01
8.385000000000000231e-01
8.379999999999999671e-01
8.383749999999999813e-01
8.373749999999999805e-01
8.396249999999999547e-01
8.389999999999999680e-01
8.399999999999999689e-01
8.356249999999999512e-01
8.392500000000000515e-01
8.386249999999999538e-01
8.386249999999999538e-01
8.378750000000000364e-01
8.382500000000000506e-01
8.389999999999999680e-01
8.375000000000000222e-01
8.382500000000000506e-01
8.405000000000000249e-01
8.403749999999999831e-01
8.389999999999999680e-01
8.385000000000000231e-01
8.391250000000000098e-01
8.392500000000000515e-01
8.393749999999999822e-01
8.392500000000000515e-01
8.388750000000000373e-01
8.411250000000000115e-01
8.401250000000000107e-01
8.411250000000000115e-01
8.417499999999999982e-01
8.393749999999999822e-01
8.398750000000000382e-01
8.426249999999999574e-01
8.397499999999999964e-01
8.409999999999999698e-01
8.419999999999999707e-01
8.423749999999999849e-01
8.408750000000000391e-01
8.426249999999999574e-01
8.412500000000000533e-01
8.409999999999999698e-01
8.425000000000000266e-01
8.421250000000000124e-01
8.416249999999999565e-01
8.423749999999999849e-01
8.412500000000000533e-01
8.427499999999999991e-01
8.422500000000000542e-01
8.411250000000000115e-01
8.421250000000000124e-01
8.432500000000000551e-01
8.421250000000000124e-01
8.425000000000000266e-01
8.419999999999999707e-01
8.436249999999999583e-01
8.415000000000000258e-01
8.418750000000000400e-01
8.437500000000000000e-01
8.415000000000000258e-01
8.416249999999999565e-01
8.428750000000000409e-01
8.418750000000000400e-01
8.423749999999999849e-01
8.436249999999999583e-01
8.425000000000000266e-01
8.435000000000000275e-01
8.408750000000000391e-01
8.432500000000000551e-01
8.437500000000000000e-01
8.435000000000000275e-01
8.449999999999999734e-01
8.427499999999999991e-01
8.433749999999999858e-01
8.416249999999999565e-01
8.423749999999999849e-01
8.425000000000000266e-01
8.442499999999999449e-01
8.428750000000000409e-01
8.435000000000000275e-01
8.431250000000000133e-01
8.438750000000000417e-01
8.429999999999999716e-01
8.442499999999999449e-01
8.435000000000000275e-01
8.443749999999999867e-01
8.436249999999999583e-01
8.449999999999999734e-01
8.449999999999999734e-01
8.437500000000000000e-01
8.449999999999999734e-01
8.449999999999999734e-01
8.455000000000000293e-01
8.473749999999999893e-01
8.519999999999999796e-01
8.557500000000000107e-01
8.553749999999999964e-01
8.566249999999999698e-01
8.591250000000000275e-01
8.571250000000000258e-01
8.603750000000000009e-01
8.575000000000000400e-01
8.621250000000000302e-01
8.625000000000000444e-01
8.629999999999999893e-01
8.583749999999999991e-01
8.622499999999999609e-01
8.625000000000000444e-01
8.638749999999999485e-01
8.652499999999999636e-01
8.646249999999999769e-01
8.645000000000000462e-01
8.651250000000000329e-01
8.635000000000000453e-01
8.657500000000000195e-01
8.659999999999999920e-01
8.647500000000000187e-01
8.652499999999999636e-01
8.659999999999999920e-01
8.649999999999999911e-01
8.665000000000000480e-01
8.656249999999999778e-01
8.648749999999999494e-01
8.671250000000000346e-01
8.638749999999999485e-01
8.681250000000000355e-01
8.672499999999999654e-01
8.671250000000000346e-01
8.651250000000000329e-01
8.668749999999999512e-01
8.661250000000000338e-01
8.678749999999999520e-01
8.699999999999999956e-01
8.672499999999999654e-01
8.687500000000000222e-01
8.672499999999999654e-01
8.669999999999999929e-01
8.699999999999999956e-01
8.686249999999999805e-01
8.688749999999999529e-01
