6.765644936561584499e-01
5.489203138351440581e-01
4.578198401927948136e-01
4.378524055480956800e-01
4.313473768234252770e-01
4.283799729347229079e-01
4.259547462463378897e-01
4.222865991592407164e-01
4.189283924102782941e-01
4.178884129524230717e-01
4.163403980731963938e-01
4.161110060214996409e-01
4.154726181030273247e-01
4.143280279636383234e-01
4.132710418701172062e-01
4.125877947807312096e-01
4.121223542690277131e-01
4.119454145431518666e-01
4.126487464904785019e-01
4.126118731498717995e-01
4.109209556579589973e-01
4.100468015670776234e-01
4.096254155635833949e-01
4.095356078147888157e-01
4.087792968749999756e-01
4.095697553157806592e-01
4.078238730430602810e-01
4.088366742134094123e-01
4.083825964927673136e-01
4.072763161659240794e-01
4.069997408390045313e-01
4.073375394344329603e-01
4.059048099517822417e-01
4.061679482460022195e-01
4.072158129215240341e-01
4.051553440093993985e-01
4.050916624069214045e-01
4.054702713489532484e-01
4.048419156074524183e-01
4.046626317501068049e-01
4.039294085502624365e-01
4.035792562961578178e-01
4.039248774051666380e-01
4.047551453113555908e-01
4.027537293434143018e-01
4.021333727836609029e-01
4.019802479743957435e-01
4.019591546058654541e-01
4.018494784832000732e-01
4.028535795211791726e-01
4.010736093521118373e-01
4.017029328346252703e-01
4.014380149841308421e-01
4.008031229972839338e-01
4.025099358558654750e-01
4.004362182617187682e-01
4.004960546493530060e-01
4.006650652885436759e-01
4.004070355892181410e-01
3.994753344058990518e-01
4.007338943481445481e-01
4.002088336944580327e-01
3.987085134983062717e-01
3.995938010215759340e-01
3.982407391071319802e-01
3.989352068901061976e-01
3.984845292568206521e-01
3.977953028678893888e-01
3.977059798240661359e-01
3.980704872608185063e-01
3.959520306587219207e-01
3.948573875427245916e-01
3.938486509323120277e-01
3.931273198127746560e-01
3.933840293884277584e-01
3.933146948814392196e-01
3.952104518413543932e-01
3.936246004104614338e-01
3.930334601402282746e-01
3.924294056892395077e-01
3.926094386577606010e-01
3.927306702136993399e-01
3.921667957305908225e-01
3.926386890411376895e-01
3.917045738697051971e-01
3.929254055023193581e-01
3.920089163780212660e-01
3.928821396827697487e-01
3.908190569877624254e-01
3.913679909706115900e-01
3.914785461425780988e-01
3.914669489860534424e-01
3.920939984321594185e-01
3.923905773162841837e-01
3.920040671825408829e-01
3.919972355365753391e-01
3.907318515777588042e-01
3.901873393058776784e-01
3.928618936538696427e-01
3.916362040042877246e-01
3.909607901573181055e-01
3.906725208759307955e-01
3.903384189605713095e-01
3.907948074340820144e-01
3.901992216110229394e-01
3.914033136367797705e-01
3.907619585990905753e-01
3.905007824897765989e-01
3.905225276947021373e-01
3.899908833503722971e-01
3.902852866649627606e-01
3.896676478385925346e-01
3.899117922782898149e-01
3.900257866382598748e-01
3.897132294178008993e-01
3.909593594074249334e-01
3.898794245719909846e-01
3.911000831127166566e-01
3.892957184314727592e-01
3.912006309032440288e-01
3.901190900802612438e-01
3.889984607696533314e-01
3.903807654380798131e-01
3.897652733325958074e-01
3.892448334693908718e-01
3.892565357685089378e-01
3.888635480403900280e-01
3.903652091026306170e-01
3.901821074485778973e-01
3.888541324138641286e-01
3.899779009819031028e-01
3.883370332717895335e-01
3.885104196071624827e-01
3.898773927688598540e-01
3.889168004989623784e-01
3.886966328620910516e-01
3.901507530212402486e-01
3.896464579105377024e-01
3.891997389793396267e-01
3.879455604553222470e-01
3.896789469718933141e-01
3.889383237361908052e-01
3.894051952362060365e-01
3.895531828403472896e-01
3.883351202011108283e-01
3.885866677761077859e-01
3.891493976116180420e-01
3.880229544639587358e-01
3.866893215179443288e-01
3.880383470058441087e-01
3.874022459983825772e-01
3.855036163330078369e-01
3.822573876380920277e-01
3.771090977191924876e-01
3.731883308887481432e-01
3.688096194267272976e-01
3.649729785919189617e-01
3.626384339332580642e-01
3.586631011962890803e-01
3.554341554641723411e-01
3.532260613441467467e-01
3.565737280845642232e-01
3.495778238773346036e-01
3.473644139766692840e-01
3.470095605850219700e-01
3.450090887546539142e-01
3.430571153163909925e-01
3.417307381629943741e-01
3.412240869998932058e-01
3.392600436210632120e-01
3.395493938922882204e-01
3.385994577407837047e-01
3.368552019596099956e-01
3.371893291473388454e-01
3.359654526710510458e-01
3.362717270851135476e-01
3.357193155288696329e-01
3.341936550140380824e-01
3.347685163021087429e-01
3.354125585556030353e-01
3.336510872840881547e-01
3.324009118080138991e-01
3.341779322624206516e-01
3.328069860935211066e-01
3.342760536670684735e-01
3.312490346431732346e-01
3.318223199844360094e-01
3.316175501346588228e-01
3.344381275177001900e-01
3.311082270145416229e-01
3.311560789346694733e-01
3.310941660404205233e-01
3.306524305343627734e-01
3.331016602516174152e-01
3.306857707500457932e-01
3.303042602539062456e-01
3.319079732894897328e-01
3.315102455615997479e-01
3.300130999088287109e-01
3.301519116163253997e-01
