7.850000000000000311e-01
7.960000000000000409e-01
7.960000000000000409e-01
7.960000000000000409e-01
7.960000000000000409e-01
7.960000000000000409e-01
7.960000000000000409e-01
7.960000000000000409e-01
7.960000000000000409e-01
7.960000000000000409e-01
7.960000000000000409e-01
7.960000000000000409e-01
7.960000000000000409e-01
7.960000000000000409e-01
7.960000000000000409e-01
7.974999999999999867e-01
8.148750000000000160e-01
8.161249999999999893e-01
8.179999999999999494e-01
8.206250000000000488e-01
8.208750000000000213e-01
8.239999999999999547e-01
8.239999999999999547e-01
8.247499999999999831e-01
8.268750000000000266e-01
8.272500000000000409e-01
8.292500000000000426e-01
8.292500000000000426e-01
8.306249999999999467e-01
8.308750000000000302e-01
8.311250000000000027e-01
8.319999999999999618e-01
8.327499999999999902e-01
8.331250000000000044e-01
8.337499999999999911e-01
8.345000000000000195e-01
8.345000000000000195e-01
8.353749999999999787e-01
8.348750000000000338e-01
8.353749999999999787e-01
8.359999999999999654e-01
8.369999999999999662e-01
8.368750000000000355e-01
8.377499999999999947e-01
8.367499999999999938e-01
8.372500000000000497e-01
8.375000000000000222e-01
8.366249999999999520e-01
8.367499999999999938e-01
8.373749999999999805e-01
8.375000000000000222e-01
8.377499999999999947e-01
8.369999999999999662e-01
8.386249999999999538e-01
8.369999999999999662e-01
8.385000000000000231e-01
8.395000000000000240e-01
8.395000000000000240e-01
8.387499999999999956e-01
8.391250000000000098e-01
8.425000000000000266e-01
8.443749999999999867e-01
8.462499999999999467e-01
8.507500000000000062e-01
8.532499999999999529e-01
8.563749999999999973e-01
8.605000000000000426e-01
8.588750000000000551e-01
8.587500000000000133e-01
8.601250000000000284e-01
8.615000000000000435e-01
8.619999999999999885e-01
8.617500000000000160e-01
8.632499999999999618e-01
8.645000000000000462e-01
8.617500000000000160e-01
8.651250000000000329e-01
8.632499999999999618e-01
8.642499999999999627e-01
8.647500000000000187e-01
8.637500000000000178e-01
8.652499999999999636e-01
8.652499999999999636e-01
8.642499999999999627e-01
8.645000000000000462e-01
8.643750000000000044e-01
8.655000000000000471e-01
8.651250000000000329e-01
8.638749999999999485e-01
8.651250000000000329e-01
8.647500000000000187e-01
8.651250000000000329e-01
8.671250000000000346e-01
8.662499999999999645e-01
8.658749999999999503e-01
8.659999999999999920e-01
8.673750000000000071e-01
8.662499999999999645e-01
8.663750000000000062e-01
8.665000000000000480e-01
8.651250000000000329e-01
8.665000000000000480e-01
8.667500000000000204e-01
8.673750000000000071e-01
8.666249999999999787e-01
8.656249999999999778e-01
8.671250000000000346e-01
8.652499999999999636e-01
8.673750000000000071e-01
8.656249999999999778e-01
8.668749999999999512e-01
8.659999999999999920e-01
8.665000000000000480e-01
8.669999999999999929e-01
8.675000000000000488e-01
8.675000000000000488e-01
8.665000000000000480e-01
8.668749999999999512e-01
8.672499999999999654e-01
8.676249999999999796e-01
8.682499999999999662e-01
8.682499999999999662e-01
8.668749999999999512e-01
8.662499999999999645e-01
8.683750000000000080e-01
8.682499999999999662e-01
8.669999999999999929e-01
8.685000000000000497e-01
8.682499999999999662e-01
8.685000000000000497e-01
8.678749999999999520e-01
8.692499999999999671e-01
8.665000000000000480e-01
8.685000000000000497e-01
8.686249999999999805e-01
8.676249999999999796e-01
8.681250000000000355e-01
8.681250000000000355e-01
8.692499999999999671e-01
8.681250000000000355e-01
8.675000000000000488e-01
8.673750000000000071e-01
8.692499999999999671e-01
8.677500000000000213e-01
8.691250000000000364e-01
8.688749999999999529e-01
8.682499999999999662e-01
8.679999999999999938e-01
8.676249999999999796e-01
8.682499999999999662e-01
8.691250000000000364e-01
8.686249999999999805e-01
8.679999999999999938e-01
8.678749999999999520e-01
8.683750000000000080e-01
8.688749999999999529e-01
8.696249999999999813e-01
8.686249999999999805e-01
8.691250000000000364e-01
8.703750000000000098e-01
8.697500000000000231e-01
8.687500000000000222e-01
8.689999999999999947e-01
8.692499999999999671e-01
8.681250000000000355e-01
8.687500000000000222e-01
8.688749999999999529e-01
8.681250000000000355e-01
8.682499999999999662e-01
8.689999999999999947e-01
8.683750000000000080e-01
8.692499999999999671e-01
8.701250000000000373e-01
8.695000000000000506e-01
8.705000000000000515e-01
8.699999999999999956e-01
8.696249999999999813e-01
8.683750000000000080e-01
8.698749999999999538e-01
8.703750000000000098e-01
8.697500000000000231e-01
8.703750000000000098e-01
8.693750000000000089e-01
8.707500000000000240e-01
8.682499999999999662e-01
8.711250000000000382e-01
8.693750000000000089e-01
8.698749999999999538e-01
8.696249999999999813e-01
8.705000000000000515e-01
8.709999999999999964e-01
8.686249999999999805e-01
8.706249999999999822e-01
8.697500000000000231e-01
8.695000000000000506e-01
8.713750000000000107e-01
8.698749999999999538e-01
8.691250000000000364e-01
8.695000000000000506e-01
8.699999999999999956e-01
