6.649028763771057671e-01
4.989573931694030740e-01
4.379960675239563117e-01
4.324464778900146689e-01
4.295094344615936199e-01
4.272905449867248628e-01
4.249961719512939662e-01
4.225645370483398500e-01
4.198154740333557289e-01
4.175820159912109197e-01
4.153419413566589169e-01
4.138055126667022909e-01
4.119006052017211705e-01
4.105870900154113823e-01
4.088755457401275772e-01
4.079471726417541744e-01
4.064736881256103551e-01
4.052939620018005118e-01
4.042367033958434996e-01
4.032576324939727841e-01
4.023287029266357506e-01
4.017147970199584917e-01
4.011268889904022195e-01
4.003098416328429998e-01
3.993742547035217250e-01
3.988888645172118941e-01
3.979144029617309730e-01
3.976511616706848162e-01
3.970174684524536146e-01
3.960269536972045867e-01
3.957737083435058367e-01
3.954415662288665589e-01
3.945200846195220934e-01
3.939124751091003240e-01
3.938025293350219669e-01
3.929544863700866753e-01
3.924918754100799601e-01
3.924544785022735516e-01
3.915293266773223757e-01
3.913222765922546587e-01
3.911518352031707613e-01
3.907189741134643457e-01
3.900556771755218644e-01
3.901624917984009011e-01
3.894912531375884779e-01
3.892193732261657879e-01
3.882423672676086346e-01
3.874569289684295925e-01
3.872760076522827055e-01
3.848549106121063046e-01
3.835440649986266992e-01
3.813888621330261408e-01
3.791550598144531325e-01
3.758612868785858319e-01
3.732899551391601345e-01
3.695459420680999862e-01
3.668636088371277082e-01
3.633207724094391078e-01
3.602952837944030651e-01
3.585329291820525954e-01
3.554906630516052046e-01
3.534163112640381077e-01
3.507181758880615341e-01
3.483065330982208496e-01
3.454253778457641588e-01
3.430591349601745388e-01
3.403290691375732147e-01
3.375781834125518577e-01
3.353342702388763530e-01
3.330773258209228649e-01
3.332658085823059224e-01
3.321375615596771080e-01
3.312719271183013903e-01
3.302006702423095907e-01
3.297629177570343129e-01
3.293552253246307404e-01
3.285681504011154219e-01
3.287646579742431463e-01
3.291308150291442636e-01
3.289508074522018433e-01
3.282284941673278555e-01
3.282905724048614249e-01
3.277023563385009775e-01
3.275464034080505238e-01
3.269809014797210867e-01
3.269709188938140776e-01
3.270313212871551745e-01
3.263007261753082533e-01
3.262390468120575093e-01
3.254285466670989724e-01
3.255061349868774156e-01
3.251791040897369367e-01
3.252432318925857491e-01
3.248463003635406743e-01
3.249066169261932147e-01
3.242014076709747172e-01
3.241999888420105114e-01
3.242826960086822585e-01
3.241059358119964817e-01
3.250176765918731947e-01
3.235918164253234752e-01
3.239227786064147740e-01
3.238199133872985969e-01
3.237786812782287860e-01
3.232905158996581818e-01
3.232263972759246706e-01
3.234549853801727548e-01
3.230030033588409677e-01
3.236082060337066579e-01
3.238240864276886177e-01
3.230092947483062527e-01
3.236075023412704477e-01
3.240067293643951185e-01
3.237402462959289573e-01
3.226958243846893559e-01
3.230523648262023650e-01
3.227112030982970947e-01
3.228557596206664826e-01
3.229183480739593604e-01
3.228364319801330651e-01
3.226904716491699188e-01
3.229425745010375826e-01
3.228792586326599268e-01
3.223309431076049614e-01
3.226480505466461368e-01
3.220893838405609055e-01
3.224393310546874725e-01
3.227129845619201576e-01
3.222263855934143217e-01
3.219645557403564284e-01
3.218625528812408265e-01
3.220059823989868120e-01
3.219039336442947596e-01
3.217675786018371342e-01
3.218365132808685414e-01
3.222211072444916002e-01
3.216510710716247723e-01
3.215997076034545765e-01
3.218766889572143297e-01
3.216421382427215314e-01
3.216139795780181831e-01
3.221634428501128911e-01
3.218640587329864577e-01
3.216422152519226030e-01
3.212699000835418928e-01
3.212830874919891389e-01
3.209948515892028786e-01
3.212428956031799232e-01
3.212174193859100302e-01
3.213950099945068195e-01
3.214988782405853174e-01
3.213430948257446351e-01
3.211442954540252859e-01
3.209460039138793963e-01
3.206601197719574081e-01
3.212215495109558283e-01
3.208942229747772101e-01
3.208165847063064735e-01
3.211386013031005682e-01
3.207341039180755526e-01
3.214185092449188264e-01
3.205279996395111186e-01
3.212440049648284668e-01
3.206520264148712274e-01
3.203498871326446729e-01
3.209270772933959792e-01
3.208241269588470446e-01
3.203861527442932178e-01
3.207987718582153147e-01
3.203938279151916646e-01
3.208835761547088605e-01
3.204506072998046795e-01
3.203057920932769753e-01
3.206372139453887993e-01
3.203018231391907000e-01
3.202681343555450200e-01
3.209174675941467436e-01
3.206254277229309002e-01
3.201701414585113592e-01
3.201625816822051829e-01
3.205820369720459029e-01
3.208586084842681707e-01
3.201055490970611817e-01
3.202496289014816200e-01
3.200503177642822217e-01
3.203165073394775297e-01
3.203414251804351798e-01
3.199016788005829004e-01
3.199382278919220002e-01
3.201440472602844478e-01
3.198897943496704088e-01
3.203485753536224334e-01
3.204181141853332249e-01
3.200788962841034091e-01
3.200403859615326141e-01
3.196911509037017596e-01
3.195178806781768799e-01
3.197858622074127299e-01
3.197313177585601740e-01
3.196308388710021875e-01
