6.846452617645263361e-01
6.674331264495849680e-01
6.515160465240478205e-01
6.369479184150695916e-01
6.235850834846496937e-01
6.114015121459961399e-01
6.002891378402710476e-01
5.901509618759155362e-01
5.809331722259521991e-01
5.725924625396728862e-01
5.649927368164062713e-01
5.581831598281860041e-01
5.520660109519958114e-01
5.465336418151856002e-01
5.415936174392700364e-01
5.371770873069763308e-01
5.332143192291259881e-01
5.297179794311523970e-01
5.265852656364441442e-01
5.237990493774413725e-01
5.213446640968322221e-01
5.191914689540862993e-01
5.172928071022033780e-01
5.156393067836761990e-01
5.141905493736267374e-01
5.129212355613708141e-01
5.118452258110046671e-01
5.109175662994385192e-01
5.101116404533386772e-01
5.094185485839843874e-01
5.088349251747131818e-01
5.083269186019897523e-01
5.079031701087951545e-01
5.075478787422180726e-01
5.072426490783691344e-01
5.069940724372863361e-01
5.067783765792847062e-01
5.066115310192108590e-01
5.064650411605835512e-01
5.063419013023376936e-01
5.062492585182190030e-01
5.061678228378295730e-01
5.061090667247771790e-01
5.060609865188598899e-01
5.060226485729217849e-01
5.060007853507995090e-01
5.059723172187805540e-01
5.059573335647582493e-01
5.059427704811095827e-01
5.059409613609313627e-01
5.059228868484496600e-01
5.059159817695617622e-01
5.059120292663574769e-01
5.059151601791381792e-01
5.059231772422790874e-01
5.059078178405761461e-01
5.059059474468231565e-01
5.059056487083435361e-01
5.059075241088867303e-01
5.059048967361450266e-01
5.059028606414794904e-01
5.059053945541381880e-01
5.059062180519103835e-01
5.059079246520996609e-01
5.059114894866942880e-01
5.059032917022705522e-01
5.059120702743530318e-01
5.059062185287475089e-01
5.059044752120971378e-01
5.059046297073364062e-01
5.059101119041442551e-01
5.059036278724670099e-01
5.059109735488891424e-01
5.059064166545867991e-01
5.059211997985839648e-01
5.059012217521667854e-01
5.059027476310730131e-01
5.059016656875610085e-01
5.059090294837951252e-01
5.059111461639403950e-01
5.059053473472595597e-01
5.059037210941315088e-01
5.059075155258179191e-01
5.059091858863830060e-01
5.059131131172179829e-01
5.059095516204833443e-01
5.059039306640624734e-01
5.059191946983336852e-01
5.059127538204193364e-01
5.059093570709228826e-01
5.059116854667663477e-01
5.059033465385437411e-01
5.059204387664795188e-01
5.059128866195679031e-01
5.059065542221069522e-01
5.059126667976379110e-01
5.059291119575500817e-01
5.059115524291992738e-01
5.059152278900146404e-01
5.059143495559692560e-01
5.059051775932311701e-01
5.059131927490234659e-01
5.059045481681824219e-01
5.059071841239929368e-01
5.059075937271118040e-01
5.059132456779480425e-01
5.059247865676880229e-01
5.059087481498718564e-01
5.059057784080505105e-01
5.059252903461456397e-01
5.059121217727661213e-01
5.059218983650207724e-01
5.059106388092040607e-01
5.059079771041870011e-01
5.059226965904235485e-01
5.059115123748779697e-01
5.059089055061339879e-01
5.059045300483703267e-01
5.059067163467406703e-01
5.059046850204468315e-01
5.059102544784546129e-01
5.059161186218261719e-01
5.059194989204406356e-01
5.059038667678833479e-01
5.059033970832824689e-01
5.059072504043579110e-01
5.059161324501038060e-01
5.059134624004364422e-01
5.059122889041900439e-01
5.059085459709167232e-01
5.059094843864441193e-01
5.059160804748534801e-01
5.059112334251403276e-01
5.059060301780701208e-01
5.059105467796325417e-01
5.059034743309021032e-01
5.059066100120543918e-01
5.059101805686950781e-01
5.059216079711914560e-01
5.059070010185241495e-01
5.059264078140258691e-01
5.059205827713012527e-01
5.059056334495544149e-01
5.059088358879089142e-01
5.059058399200438982e-01
5.059077258110046271e-01
5.059122347831725985e-01
5.059055395126342836e-01
5.059108352661132457e-01
5.059195055961608345e-01
5.059132413864135813e-01
5.059118309020995685e-01
5.059066143035888530e-01
5.059108300209045339e-01
5.059069337844848135e-01
5.059246234893798322e-01
5.059077997207641619e-01
5.059149274826050258e-01
5.059185304641723446e-01
5.059079241752624245e-01
5.059113316535949201e-01
5.059034228324890137e-01
5.059110331535339178e-01
5.059039812088013122e-01
5.059070072174072230e-01
5.059079351425170845e-01
5.059072470664978116e-01
5.059117660522460813e-01
5.059035308361053973e-01
5.059118232727051190e-01
5.059049062728881996e-01
5.059105570316314582e-01
5.059074120521545037e-01
5.059053549766540092e-01
5.059076998233794642e-01
5.059268832206725852e-01
5.059069404602051234e-01
5.059053459167480726e-01
5.059095597267151412e-01
5.059056134223938184e-01
5.059028110504150133e-01
5.059070434570313024e-01
5.059218530654907564e-01
5.059082665443420668e-01
5.059102611541748118e-01
5.059060425758361568e-01
5.059100618362426527e-01
5.059165363311767249e-01
5.059151976108551274e-01
5.059120254516601412e-01
5.059141435623168981e-01
5.059134855270385200e-01
5.059204735755920002e-01
5.059133582115172834e-01
5.059075784683227939e-01
5.059124927520751713e-01
5.059076194763183487e-01
5.059264812469482786e-01
5.059128322601318395e-01
5.059190459251403649e-01
