6.846525268554687349e-01
6.657420167922973864e-01
6.228051457405090474e-01
5.214746460914612136e-01
4.713013570308685063e-01
4.554104814529418843e-01
4.476288552284240496e-01
4.431788077354431032e-01
4.404380309581756858e-01
4.389128160476684637e-01
4.377626895904541127e-01
4.370560588836669980e-01
4.365121655464172523e-01
4.360807583332061976e-01
4.355960710048675799e-01
4.351744530200958305e-01
4.350710806846618817e-01
4.346421008110046280e-01
4.342935950756072749e-01
4.340567584037780535e-01
