7.960000000000000409e-01
7.960000000000000409e-01
7.960000000000000409e-01
7.960000000000000409e-01
7.960000000000000409e-01
7.960000000000000409e-01
7.960000000000000409e-01
7.960000000000000409e-01
7.960000000000000409e-01
7.960000000000000409e-01
7.960000000000000409e-01
7.960000000000000409e-01
7.960000000000000409e-01
7.960000000000000409e-01
7.960000000000000409e-01
7.960000000000000409e-01
7.960000000000000409e-01
7.960000000000000409e-01
7.960000000000000409e-01
7.960000000000000409e-01
7.960000000000000409e-01
7.960000000000000409e-01
7.960000000000000409e-01
7.960000000000000409e-01
7.960000000000000409e-01
7.960000000000000409e-01
8.086250000000000382e-01
8.196250000000000480e-01
8.217499999999999805e-01
8.219999999999999529e-01
8.228750000000000231e-01
8.242500000000000382e-01
8.245000000000000107e-01
8.262500000000000400e-01
8.262500000000000400e-01
8.279999999999999583e-01
8.278750000000000275e-01
8.291250000000000009e-01
8.291250000000000009e-01
8.302500000000000435e-01
8.293749999999999734e-01
8.295000000000000151e-01
8.307499999999999885e-01
8.327499999999999902e-01
8.315000000000000169e-01
8.319999999999999618e-01
8.329999999999999627e-01
8.322500000000000453e-01
8.333749999999999769e-01
8.331250000000000044e-01
8.332500000000000462e-01
8.333749999999999769e-01
8.336249999999999494e-01
8.329999999999999627e-01
8.336249999999999494e-01
8.339999999999999636e-01
8.333749999999999769e-01
8.336249999999999494e-01
8.338750000000000329e-01
8.345000000000000195e-01
8.343749999999999778e-01
8.353749999999999787e-01
8.341250000000000053e-01
8.346249999999999503e-01
8.331250000000000044e-01
8.361250000000000071e-01
8.351250000000000062e-01
8.339999999999999636e-01
8.351250000000000062e-01
8.341250000000000053e-01
8.358750000000000346e-01
8.349999999999999645e-01
8.341250000000000053e-01
8.349999999999999645e-01
8.355000000000000204e-01
8.353749999999999787e-01
8.338750000000000329e-01
8.353749999999999787e-01
8.352500000000000480e-01
8.352500000000000480e-01
8.356249999999999512e-01
8.352500000000000480e-01
8.353749999999999787e-01
8.352500000000000480e-01
8.355000000000000204e-01
8.361250000000000071e-01
8.349999999999999645e-01
8.346249999999999503e-01
8.359999999999999654e-01
8.353749999999999787e-01
8.347499999999999920e-01
8.352500000000000480e-01
8.345000000000000195e-01
8.346249999999999503e-01
8.347499999999999920e-01
8.358750000000000346e-01
8.347499999999999920e-01
8.355000000000000204e-01
8.359999999999999654e-01
8.348750000000000338e-01
8.352500000000000480e-01
8.343749999999999778e-01
8.355000000000000204e-01
8.359999999999999654e-01
8.353749999999999787e-01
8.355000000000000204e-01
8.356249999999999512e-01
8.352500000000000480e-01
8.351250000000000062e-01
8.353749999999999787e-01
8.357499999999999929e-01
8.359999999999999654e-01
8.359999999999999654e-01
8.356249999999999512e-01
8.361250000000000071e-01
8.352500000000000480e-01
8.353749999999999787e-01
8.358750000000000346e-01
8.358750000000000346e-01
8.367499999999999938e-01
8.351250000000000062e-01
8.366249999999999520e-01
8.357499999999999929e-01
8.358750000000000346e-01
8.356249999999999512e-01
8.353749999999999787e-01
8.353749999999999787e-01
8.351250000000000062e-01
8.349999999999999645e-01
8.363749999999999796e-01
8.357499999999999929e-01
8.353749999999999787e-01
8.353749999999999787e-01
8.366249999999999520e-01
8.366249999999999520e-01
8.361250000000000071e-01
8.361250000000000071e-01
8.363749999999999796e-01
8.358750000000000346e-01
8.353749999999999787e-01
8.351250000000000062e-01
8.353749999999999787e-01
8.356249999999999512e-01
8.367499999999999938e-01
8.346249999999999503e-01
8.356249999999999512e-01
8.352500000000000480e-01
8.371250000000000080e-01
8.365000000000000213e-01
8.355000000000000204e-01
8.352500000000000480e-01
8.356249999999999512e-01
8.366249999999999520e-01
8.359999999999999654e-01
8.352500000000000480e-01
8.349999999999999645e-01
8.351250000000000062e-01
8.355000000000000204e-01
8.346249999999999503e-01
8.355000000000000204e-01
8.345000000000000195e-01
8.362500000000000488e-01
8.353749999999999787e-01
8.348750000000000338e-01
8.348750000000000338e-01
8.351250000000000062e-01
8.349999999999999645e-01
8.362500000000000488e-01
8.356249999999999512e-01
8.363749999999999796e-01
8.351250000000000062e-01
8.335000000000000187e-01
8.345000000000000195e-01
8.355000000000000204e-01
8.355000000000000204e-01
8.345000000000000195e-01
8.347499999999999920e-01
8.345000000000000195e-01
8.356249999999999512e-01
8.349999999999999645e-01
8.345000000000000195e-01
8.363749999999999796e-01
8.353749999999999787e-01
8.345000000000000195e-01
8.349999999999999645e-01
8.345000000000000195e-01
8.351250000000000062e-01
8.352500000000000480e-01
8.351250000000000062e-01
8.348750000000000338e-01
8.336249999999999494e-01
8.348750000000000338e-01
8.349999999999999645e-01
8.352500000000000480e-01
8.347499999999999920e-01
8.353749999999999787e-01
8.353749999999999787e-01
8.348750000000000338e-01
8.348750000000000338e-01
8.351250000000000062e-01
