6.863042473793029563e-01
6.725297367572784513e-01
6.595465755462646129e-01
6.473387086391448886e-01
6.359030699729919522e-01
6.252938902378082364e-01
6.154054415225982400e-01
6.061870956420898349e-01
5.976809835433960494e-01
5.897578990459442227e-01
5.824032866954803600e-01
5.756736135482788397e-01
5.693682646751403453e-01
5.635874915122985884e-01
5.582681667804717529e-01
5.533517110347747625e-01
5.488506412506103382e-01
5.447129595279693870e-01
5.409131282567978261e-01
5.374490135908126520e-01
5.342724710702896340e-01
5.313806307315825928e-01
5.287402683496474909e-01
5.263484668731689409e-01
5.241533023118972734e-01
5.221801269054412442e-01
5.203954976797103837e-01
5.187703144550322998e-01
5.173185402154922841e-01
5.160058701038360285e-01
5.148283106088638039e-01
5.137936508655548407e-01
5.128309738636016579e-01
5.120107078552246227e-01
5.112493067979813066e-01
5.105949318408966597e-01
5.100172543525696156e-01
5.094837021827697265e-01
5.090392619371414407e-01
5.086490893363952992e-01
5.082944381237030074e-01
5.079808038473129228e-01
5.077191126346588534e-01
5.074896150827408192e-01
5.072965031862258778e-01
5.071161168813705933e-01
5.069673246145248724e-01
5.068439072370529708e-01
5.067385566234589023e-01
5.066491764783859209e-01
5.065726268291473877e-01
5.065032517910004195e-01
5.064514458179474321e-01
5.064045929908752575e-01
5.063676816225052280e-01
5.063401287794113692e-01
5.063126277923584162e-01
5.062939924001693681e-01
5.062700700759887873e-01
5.062570351362228882e-01
5.062440806627273027e-01
5.062341362237929854e-01
5.062268733978271262e-01
5.062253803014755693e-01
5.062149965763091952e-01
5.062224078178405584e-01
5.062104481458663541e-01
5.062085294723510653e-01
5.062045925855636064e-01
5.062041562795639438e-01
5.062057405710220781e-01
5.061996662616730092e-01
5.062022048234939842e-01
5.062077146768569902e-01
5.062020117044448986e-01
5.062014174461364480e-01
5.061995446681976096e-01
5.062044155597686945e-01
5.062014740705490512e-01
5.062007260322570756e-01
5.062009716033935014e-01
5.061996310949326006e-01
5.062158203125000089e-01
5.062068128585814897e-01
5.062010300159454079e-01
5.062009668350220259e-01
5.062076759338378640e-01
5.062099617719649780e-01
5.062021934986113969e-01
5.062040269374847856e-01
5.062061399221420288e-01
5.062066709995269864e-01
5.062071949243545088e-01
5.062040406465529996e-01
5.062064164876938221e-01
5.061993813514709117e-01
5.062095254659653154e-01
5.062046337127685813e-01
5.061996161937714067e-01
5.062031763792037564e-01
5.062009084224701194e-01
5.062088966369628906e-01
5.062011665105820013e-01
5.062024825811386464e-01
5.062040406465529996e-01
5.062018489837646351e-01
5.062032049894332753e-01
5.062185716629028498e-01
5.062076526880264771e-01
5.062088185548782038e-01
5.062023562192916604e-01
5.062160146236419633e-01
5.062015634775162143e-01
5.062008345127105846e-01
5.062101751565932783e-01
5.062044382095336470e-01
5.062166738510132102e-01
5.062104719877242864e-01
5.062038409709930242e-01
5.062032634019851818e-01
5.062008917331695113e-01
5.062125408649444935e-01
5.062070494890212879e-01
5.062017738819122314e-01
5.062030011415481479e-01
5.062044566869735585e-01
5.062049895524978194e-01
5.062066251039505360e-01
5.062113004922866866e-01
5.062168931961059659e-01
5.062103533744811701e-01
5.062063062191008989e-01
5.062086790800094382e-01
5.062052518129348533e-01
5.062139070034027410e-01
5.062074822187423440e-01
5.062136048078537121e-01
5.062024158239364358e-01
5.062017732858657970e-01
5.062012290954589488e-01
5.062066000699997348e-01
5.062015253305435225e-01
5.062135875225066695e-01
5.062053781747818393e-01
5.062114572525024947e-01
5.062443453073501853e-01
5.062082946300506814e-01
5.062042450904846724e-01
5.062242931127548529e-01
5.062253594398498091e-01
5.062217664718627885e-01
5.062040823698044090e-01
5.062029236555098954e-01
5.062088203430176181e-01
5.062017804384231212e-01
5.062047159671783092e-01
5.062092125415802446e-01
5.062419098615645874e-01
5.062224882841109830e-01
5.062023401260375977e-01
5.061992925405501831e-01
5.062032037973404064e-01
5.062033987045287953e-01
5.062142616510391102e-01
5.062032449245452703e-01
5.062050706148147894e-01
5.062106627225876343e-01
5.062027132511138783e-01
5.062151080369949874e-01
5.061999177932738903e-01
5.062017303705215188e-01
5.062003082036972135e-01
5.062110662460327370e-01
5.062016516923903975e-01
5.062069642543792769e-01
5.062153822183609320e-01
5.062103050947189820e-01
5.062041366100311635e-01
5.062145781517028986e-01
5.062008142471313699e-01
5.062166512012481467e-01
5.062103295326232377e-01
5.062034702301025924e-01
5.062010395526885809e-01
5.062057286500930564e-01
5.062039214372634488e-01
5.062022131681441772e-01
5.062107360363006237e-01
5.062013024091720492e-01
5.061997950077057329e-01
5.062050682306289406e-01
5.062017506361007335e-01
5.062010717391968173e-01
5.062219059467315541e-01
5.062097483873366777e-01
5.062013471126556308e-01
5.062120467424392478e-01
5.062165063619613603e-01
5.062025451660155939e-01
5.062013387680053267e-01
