7.876250000000000195e-01
7.960000000000000409e-01
7.960000000000000409e-01
7.960000000000000409e-01
7.960000000000000409e-01
7.960000000000000409e-01
7.960000000000000409e-01
7.960000000000000409e-01
7.960000000000000409e-01
7.960000000000000409e-01
7.960000000000000409e-01
7.960000000000000409e-01
7.960000000000000409e-01
7.960000000000000409e-01
7.960000000000000409e-01
7.960000000000000409e-01
7.960000000000000409e-01
7.960000000000000409e-01
7.960000000000000409e-01
7.960000000000000409e-01
7.960000000000000409e-01
7.960000000000000409e-01
7.960000000000000409e-01
7.960000000000000409e-01
7.960000000000000409e-01
7.960000000000000409e-01
7.960000000000000409e-01
7.960000000000000409e-01
7.960000000000000409e-01
7.960000000000000409e-01
7.960000000000000409e-01
7.960000000000000409e-01
7.960000000000000409e-01
7.960000000000000409e-01
7.960000000000000409e-01
7.960000000000000409e-01
7.960000000000000409e-01
7.960000000000000409e-01
7.960000000000000409e-01
7.960000000000000409e-01
7.960000000000000409e-01
7.960000000000000409e-01
7.960000000000000409e-01
7.960000000000000409e-01
7.960000000000000409e-01
7.960000000000000409e-01
7.960000000000000409e-01
7.960000000000000409e-01
7.960000000000000409e-01
7.960000000000000409e-01
7.960000000000000409e-01
7.960000000000000409e-01
7.960000000000000409e-01
7.960000000000000409e-01
7.960000000000000409e-01
7.960000000000000409e-01
7.960000000000000409e-01
7.960000000000000409e-01
7.960000000000000409e-01
7.960000000000000409e-01
7.960000000000000409e-01
7.960000000000000409e-01
7.960000000000000409e-01
7.960000000000000409e-01
7.960000000000000409e-01
7.960000000000000409e-01
7.960000000000000409e-01
7.960000000000000409e-01
7.960000000000000409e-01
7.960000000000000409e-01
7.960000000000000409e-01
7.960000000000000409e-01
7.960000000000000409e-01
7.960000000000000409e-01
7.956250000000000266e-01
8.078750000000000098e-01
8.123749999999999583e-01
8.129999999999999449e-01
8.138750000000000151e-01
8.148750000000000160e-01
8.148750000000000160e-01
8.145000000000000018e-01
8.145000000000000018e-01
8.152500000000000302e-01
8.148750000000000160e-01
8.158750000000000169e-01
8.153749999999999609e-01
8.155000000000000027e-01
8.161249999999999893e-01
8.163749999999999618e-01
8.168750000000000178e-01
8.159999999999999476e-01
8.162500000000000311e-01
8.177499999999999769e-01
8.175000000000000044e-01
8.166250000000000453e-01
8.173749999999999627e-01
8.177499999999999769e-01
8.176250000000000462e-01
8.186250000000000471e-01
8.185000000000000053e-01
8.186250000000000471e-01
8.197499999999999787e-01
8.199999999999999512e-01
8.203749999999999654e-01
8.203749999999999654e-01
8.211249999999999938e-01
8.211249999999999938e-01
8.216250000000000497e-01
8.231249999999999956e-01
8.229999999999999538e-01
8.235000000000000098e-01
8.236250000000000515e-01
8.239999999999999547e-01
8.245000000000000107e-01
8.246250000000000524e-01
8.246250000000000524e-01
8.248750000000000249e-01
8.256250000000000533e-01
8.252500000000000391e-01
8.259999999999999565e-01
8.256250000000000533e-01
8.257499999999999840e-01
8.258750000000000258e-01
8.258750000000000258e-01
8.267499999999999849e-01
8.267499999999999849e-01
8.272500000000000409e-01
8.278750000000000275e-01
8.273749999999999716e-01
8.281250000000000000e-01
8.289999999999999591e-01
8.289999999999999591e-01
8.289999999999999591e-01
8.305000000000000160e-01
8.307499999999999885e-01
8.295000000000000151e-01
8.303749999999999742e-01
8.311250000000000027e-01
8.312500000000000444e-01
8.313749999999999751e-01
8.308750000000000302e-01
8.313749999999999751e-01
8.307499999999999885e-01
8.321250000000000036e-01
8.315000000000000169e-01
8.317499999999999893e-01
8.329999999999999627e-01
8.325000000000000178e-01
8.328750000000000320e-01
8.328750000000000320e-01
8.338750000000000329e-01
8.339999999999999636e-01
8.336249999999999494e-01
8.337499999999999911e-01
8.338750000000000329e-01
8.338750000000000329e-01
8.336249999999999494e-01
8.338750000000000329e-01
8.337499999999999911e-01
8.342500000000000471e-01
8.333749999999999769e-01
8.339999999999999636e-01
8.336249999999999494e-01
8.337499999999999911e-01
8.337499999999999911e-01
8.336249999999999494e-01
8.333749999999999769e-01
8.338750000000000329e-01
8.338750000000000329e-01
8.345000000000000195e-01
8.341250000000000053e-01
8.338750000000000329e-01
8.342500000000000471e-01
8.341250000000000053e-01
8.339999999999999636e-01
8.343749999999999778e-01
8.347499999999999920e-01
8.346249999999999503e-01
8.347499999999999920e-01
8.349999999999999645e-01
8.349999999999999645e-01
8.346249999999999503e-01
8.342500000000000471e-01
8.348750000000000338e-01
8.345000000000000195e-01
8.347499999999999920e-01
8.352500000000000480e-01
8.349999999999999645e-01
8.347499999999999920e-01
8.351250000000000062e-01
8.341250000000000053e-01
8.343749999999999778e-01
8.345000000000000195e-01
8.346249999999999503e-01
8.351250000000000062e-01
8.343749999999999778e-01
8.347499999999999920e-01
8.348750000000000338e-01
8.351250000000000062e-01
