6.828216562271117729e-01
6.525609784126281676e-01
5.794332885742187189e-01
4.772487683296203764e-01
4.561208884716033696e-01
4.497064232826232799e-01
4.445534453392028795e-01
4.406250343322754004e-01
4.372685098648071422e-01
4.348951268196106223e-01
4.330519816875457728e-01
4.317690415382385294e-01
4.305267574787139950e-01
4.295298824310302965e-01
4.287262589931488121e-01
4.277744827270507644e-01
4.270397300720215061e-01
4.261125206947326549e-01
4.251129770278930797e-01
4.242934687137603911e-01
4.230494050979614062e-01
4.219688563346862820e-01
4.211281960010528347e-01
4.203920879364013707e-01
4.196837491989135471e-01
4.193941488265991446e-01
4.185869531631469798e-01
4.181722099781036150e-01
4.179148480892181383e-01
4.170968484878539995e-01
4.168624286651611555e-01
4.164229512214660534e-01
4.160055086612701181e-01
4.155157165527343932e-01
4.152685832977294766e-01
4.148582606315612820e-01
4.145666303634643612e-01
4.142583014965057209e-01
4.138833928108215376e-01
4.135794034004211528e-01
4.131112515926361195e-01
4.129764757156372257e-01
4.128638288974761927e-01
4.126348702907562394e-01
4.121961309909820681e-01
4.117394227981567290e-01
4.117480196952819638e-01
4.114028828144073446e-01
4.111209216117858722e-01
4.109371056556701540e-01
4.107710661888122616e-01
4.103797051906585835e-01
4.103088726997375368e-01
4.099054396152496116e-01
4.095932345390319584e-01
4.095375790596008092e-01
4.093893699645996254e-01
4.092333559989929093e-01
4.088541877269744607e-01
4.088650484085082915e-01
4.085030303001404017e-01
4.084357242584228387e-01
4.081458559036255096e-01
4.079651191234588414e-01
4.077233064174652366e-01
4.076000928878784069e-01
4.074515364170074316e-01
4.072253913879394505e-01
4.071144967079162735e-01
4.071134200096130362e-01
4.071634380817413246e-01
4.068949143886566033e-01
4.065575695037841886e-01
4.064012579917907764e-01
4.066581766605377180e-01
4.061102643013000391e-01
4.061513724327087127e-01
4.060829105377197212e-01
4.059706745147705353e-01
4.058776543140411586e-01
4.055869193077087376e-01
4.058219306468963672e-01
4.056601157188415296e-01
4.055269570350646946e-01
4.053100898265838414e-01
4.053993802070617880e-01
4.051832299232482892e-01
4.055949161052703755e-01
4.051354880332946884e-01
4.050482549667358545e-01
4.047089362144470348e-01
4.050020813941955788e-01
4.049119405746460232e-01
4.047941026687622013e-01
4.046723203659057799e-01
4.044839782714843568e-01
4.044598689079284548e-01
4.043867447376251478e-01
4.044315178394317645e-01
4.043145270347595077e-01
4.041953253746032870e-01
4.041854319572448784e-01
4.042923645973205415e-01
4.040286688804626269e-01
4.039675188064575373e-01
4.039980792999267600e-01
4.042871730327606272e-01
4.038669502735137695e-01
4.038463859558105717e-01
4.035128884315490883e-01
4.041340966224670206e-01
4.038867192268371653e-01
4.035880837440490865e-01
4.035658345222473131e-01
4.037577922344207648e-01
4.034515075683594021e-01
4.040254154205322190e-01
4.037945406436920237e-01
4.033186316490173229e-01
4.035878050327301181e-01
4.033704817295074574e-01
4.031412074565887682e-01
4.033321118354797341e-01
4.031640028953552002e-01
4.030845134258270179e-01
4.032903130054473761e-01
4.033013062477111554e-01
4.030553469657898180e-01
4.029866085052490332e-01
4.030026972293853649e-01
4.031587562561035343e-01
4.029639744758605757e-01
4.029326715469360165e-01
4.029346566200256441e-01
4.027211523056030140e-01
4.027639198303222812e-01
4.026939446926117161e-01
4.028772282600402987e-01
4.027850468158721831e-01
4.026546225547790736e-01
4.024546260833740119e-01
4.029268865585327042e-01
4.023965210914611790e-01
4.025785403251647687e-01
4.023089244365692374e-01
4.024566526412963752e-01
4.025716886520385729e-01
4.023936314582824969e-01
4.022303624153137358e-01
4.021806921958923087e-01
4.021481833457946631e-01
4.021318750381469576e-01
4.022304332256317339e-01
4.021205568313598877e-01
4.025486359596252561e-01
4.020639891624450679e-01
4.016364529132843142e-01
4.021807990074157679e-01
4.016744866371154687e-01
4.019929533004760747e-01
4.016462054252624703e-01
4.016054353713989222e-01
4.015959916114807404e-01
4.016042499542236133e-01
4.014984295368194678e-01
4.013661971092223890e-01
4.011151847839355411e-01
4.014683413505554244e-01
4.016027607917785902e-01
4.014351568222045974e-01
4.011204178333282466e-01
4.012473764419555722e-01
4.012825157642364582e-01
4.010730552673339999e-01
4.010453267097472962e-01
4.012126364707946924e-01
4.010799212455749552e-01
4.009547431468963863e-01
4.009961683750152828e-01
4.006444916725158678e-01
4.009184370040893564e-01
4.006707510948180895e-01
4.007520699501037620e-01
4.005419049263000408e-01
4.005160083770751833e-01
4.005536561012267849e-01
4.003745076656341495e-01
4.005198521614074525e-01
4.003937737941741792e-01
4.003458132743835662e-01
4.006311299800872638e-01
4.003203754425048722e-01
4.002906024456024392e-01
4.004160118103027299e-01
4.000653886795044190e-01
4.002474384307861399e-01
4.000684680938720872e-01
3.998307247161865252e-01
3.999122405052185081e-01
4.001371622085571067e-01
