6.845404248237609846e-01
6.672257575988769229e-01
6.513350362777710068e-01
6.367605333328246742e-01
6.233840579986572594e-01
6.112152204513550124e-01
6.001128368377685041e-01
5.900039992332458683e-01
5.807748284339905309e-01
5.724442634582519451e-01
5.649179205894470090e-01
5.581238174438476474e-01
5.519975929260253489e-01
5.464736080169677601e-01
5.415012602806090758e-01
5.371240878105163485e-01
5.331325335502624663e-01
5.296224164962768377e-01
5.264925532341003800e-01
5.237207279205322585e-01
5.212595477104187136e-01
5.191196770668029536e-01
5.172477626800536799e-01
5.156153573989867844e-01
5.141572380065917436e-01
5.129095892906189169e-01
5.118163738250732786e-01
5.108643293380736861e-01
5.100639533996581543e-01
5.093838577270507484e-01
5.087826142311095978e-01
5.082804565429687171e-01
5.078568649291992365e-01
5.075035037994384268e-01
5.072082483768463046e-01
5.069621925354004244e-01
5.067573213577269975e-01
5.065930559635162256e-01
5.064435677528381641e-01
5.063266696929931143e-01
5.062398490905761772e-01
5.061628212928771520e-01
5.061090390682220219e-01
5.060589976310729821e-01
5.060183086395263485e-01
5.059899725914001056e-01
5.059691739082335937e-01
5.059539084434508949e-01
5.059381341934203746e-01
5.059324636459350266e-01
5.059245793819427961e-01
5.059189567565918200e-01
5.059227471351623873e-01
5.059187550544739231e-01
5.059141635894774947e-01
5.059162073135375914e-01
5.059052944183349831e-01
5.059066753387451154e-01
5.059035518169403556e-01
5.059131541252136488e-01
5.059035177230835068e-01
5.059105403423309610e-01
5.059021615982055575e-01
5.059211053848267081e-01
5.059115686416626456e-01
5.059018115997314657e-01
5.059100489616393803e-01
5.059395399093628010e-01
5.058997654914856312e-01
5.059072108268737322e-01
5.059126958847045552e-01
5.059007854461670117e-01
5.059047589302062553e-01
5.059144692420959322e-01
5.059064378738403756e-01
5.059138116836547905e-01
5.059148054122925009e-01
5.059083871841431046e-01
5.059040055274963699e-01
5.059102067947387482e-01
5.059079041481018280e-01
5.059137024879455380e-01
5.059013390541076127e-01
5.059049000740051261e-01
5.059044084548950382e-01
5.059158887863158816e-01
5.059180068969726385e-01
5.059005198478698784e-01
5.059079532623290687e-01
5.059120750427246183e-01
5.059036412239075187e-01
5.059090390205382981e-01
5.059049773216247603e-01
5.059023790359497008e-01
5.059050316810608239e-01
5.059044725894927819e-01
5.059049873352050586e-01
5.059206681251525728e-01
5.059159889221190864e-01
5.059130735397339151e-01
5.059122858047485627e-01
5.059064931869506898e-01
5.059079327583313468e-01
5.059061350822449121e-01
5.059099016189575471e-01
5.059133522510528280e-01
5.059086472988129080e-01
5.059137248992919833e-01
5.059143395423889578e-01
5.059199905395508345e-01
5.059080159664154364e-01
5.059102883338928436e-01
5.059018197059631516e-01
5.059094414710998411e-01
5.059231424331664950e-01
5.059065976142883558e-01
5.059110445976257031e-01
5.059144296646118644e-01
5.059056572914123473e-01
5.059117004871368506e-01
5.059052891731262713e-01
5.059084110260009259e-01
5.059021666049957622e-01
5.059114847183227015e-01
5.059098997116089347e-01
5.059142036437987988e-01
5.059211287498474041e-01
5.059055497646332000e-01
5.059042632579803245e-01
5.059050111770629909e-01
5.059069766998290918e-01
5.059241485595703525e-01
5.059023962020874343e-01
5.059021720886230922e-01
5.059259657859802584e-01
5.059097857475280957e-01
5.059153137207030859e-01
5.059105749130249352e-01
5.059053273200988521e-01
5.059061203002929163e-01
5.059105777740477983e-01
5.059064655303955327e-01
5.059021582603454581e-01
5.059048633575439213e-01
5.059094953536987793e-01
5.059026553630828760e-01
5.059083595275878364e-01
5.059041228294373083e-01
5.059087185859679758e-01
5.059081511497497408e-01
5.059144315719604768e-01
5.059110693931579972e-01
5.059081053733825994e-01
5.059039704799651593e-01
5.059077880382537584e-01
5.059083023071289098e-01
5.059200687408447195e-01
5.059026689529418919e-01
5.059055318832397230e-01
5.059274287223816113e-01
5.059041471481323660e-01
5.059103908538817862e-01
5.059117517471313219e-01
5.059182205200195570e-01
5.059086675643921227e-01
5.059156179428100364e-01
5.059139187335968124e-01
5.059027900695800550e-01
5.059070506095886266e-01
5.059068684577942010e-01
5.059034409523009979e-01
5.059071598052978791e-01
5.059035654067993715e-01
5.059174857139587811e-01
5.059040694236754954e-01
5.059101610183716069e-01
5.059109869003295401e-01
5.059203596115112722e-01
5.059088931083679519e-01
5.059000759124755442e-01
5.059042634963989427e-01
5.059094681739807475e-01
5.059025087356567862e-01
5.059066793918609584e-01
5.059079108238220268e-01
5.059124474525451554e-01
5.059078607559204244e-01
5.059094657897948988e-01
5.059188590049743528e-01
5.059066085815430158e-01
5.059090206623076957e-01
5.059028820991515740e-01
5.059109816551208283e-01
5.059217362403869434e-01
5.059071998596191833e-01
5.059190926551818679e-01
5.059046473503112651e-01
5.059119989871978529e-01
5.059048104286193448e-01
5.059042267799377379e-01
