6.838069601058960334e-01
6.576863942146301545e-01
6.025678586959838379e-01
5.333618576526641952e-01
4.882137887477874805e-01
4.664423403739929030e-01
4.555503973960876585e-01
4.497011699676513596e-01
4.461007208824157577e-01
4.437586846351623260e-01
4.422428407669067307e-01
4.411163392066955735e-01
4.402472608089447181e-01
4.395969090461731010e-01
4.389644260406493914e-01
4.385617814064025621e-01
4.382341856956482040e-01
4.379715757369995188e-01
4.376506102085113703e-01
4.374119877815246804e-01
4.371479597091674774e-01
4.368575832843780704e-01
4.367601671218871995e-01
4.364449663162231485e-01
4.362429764270782662e-01
4.360028271675109868e-01
4.357363705635070583e-01
4.355496921539306898e-01
4.352716481685638406e-01
4.351068539619445952e-01
4.348510007858276127e-01
4.346108214855193830e-01
4.343210074901580620e-01
4.341537747383117929e-01
4.338296816349029306e-01
4.337362380027771080e-01
4.332572803497314329e-01
4.330393867492675630e-01
4.327479181289672905e-01
4.325649724006652708e-01
4.322917268276214586e-01
4.321113770008087052e-01
4.318075251579284735e-01
4.315998971462249867e-01
4.314326186180114653e-01
4.312650260925293133e-01
4.310450825691223287e-01
4.308274321556091468e-01
4.306833989620208469e-01
4.304288370609283265e-01
4.302929515838623264e-01
4.301055111885070947e-01
4.298726143836975044e-01
4.298823003768920681e-01
4.295836026668548580e-01
4.294169111251830984e-01
4.291237814426422381e-01
4.289365506172180265e-01
4.287832953929900937e-01
4.285900149345397980e-01
4.283981895446777322e-01
4.283090300559997399e-01
4.280650668144226345e-01
4.278793997764587242e-01
4.277241973876952930e-01
4.274290275573730535e-01
4.271552073955535711e-01
4.268939490318298113e-01
4.267426526546478360e-01
4.263811304569244398e-01
4.260358417034149081e-01
4.257304668426513672e-01
4.254877386093139924e-01
4.251080446243286071e-01
4.247528419494628893e-01
4.244944696426391495e-01
4.241891837120055908e-01
4.238394718170165887e-01
4.236026558876037629e-01
4.233455815315246840e-01
4.230504627227782977e-01
4.228370358943939200e-01
4.226130399703979523e-01
4.224182848930359002e-01
4.221603293418884073e-01
4.220381584167480216e-01
4.218641879558563401e-01
4.216438791751861426e-01
4.214896731376647776e-01
4.213820948600768834e-01
4.211524665355682595e-01
4.210655250549316664e-01
4.209630303382873584e-01
4.208018288612365709e-01
4.206671488285064764e-01
4.205849716663360716e-01
4.204651501178741646e-01
4.203136305809020978e-01
4.202222805023193564e-01
4.200218091011047594e-01
4.198215603828430176e-01
4.196231789588928396e-01
4.195439281463623216e-01
4.193085999488830318e-01
4.190877313613891597e-01
4.188575382232666011e-01
4.186521587371826447e-01
4.185728540420532440e-01
4.182545943260193022e-01
4.180830702781677122e-01
4.178512604236602757e-01
4.176271288394928227e-01
4.174919991493225013e-01
4.171708953380584561e-01
4.171749074459075723e-01
4.168914723396301425e-01
4.167622294425964435e-01
4.165347805023193462e-01
4.161491212844848908e-01
4.159984424114227530e-01
4.156541218757629497e-01
4.154742932319641091e-01
4.152110085487365487e-01
4.149383065700530948e-01
4.146982901096343821e-01
4.143933436870574916e-01
4.141587166786193652e-01
4.138482499122619895e-01
4.135809001922607364e-01
4.134641451835632253e-01
4.130512208938598717e-01
4.127948925495147914e-01
4.124994616508483869e-01
4.122784416675567831e-01
4.120095298290252783e-01
4.117532043457031166e-01
4.115939862728119070e-01
4.113727936744689950e-01
4.110654239654540909e-01
4.108500382900238113e-01
4.107752315998077219e-01
4.106110010147094869e-01
4.104222731590270734e-01
4.101950130462646560e-01
4.100914952754974308e-01
4.099460208415985352e-01
4.098684110641479528e-01
4.097050004005431956e-01
4.096152906417846462e-01
4.094610917568206609e-01
4.092683272361755109e-01
4.092255253791808878e-01
4.091386184692382688e-01
4.089725742340087900e-01
4.090371549129486195e-01
4.088048205375671151e-01
4.088014297485351722e-01
4.085513634681701700e-01
4.083342862129211159e-01
4.081945786476135485e-01
4.080748414993286000e-01
4.078334827423095721e-01
4.076182334423065212e-01
4.074492607116699250e-01
4.072873756885528329e-01
4.069420487880706649e-01
4.067683019638061448e-01
4.066226773262023864e-01
4.065468263626098588e-01
4.063601398468017489e-01
4.063495359420776221e-01
4.059658417701721422e-01
4.058850753307342574e-01
4.058041229248046666e-01
4.056769599914550883e-01
4.055113415718078484e-01
4.054996867179870845e-01
4.052449607849121227e-01
4.052164595127105695e-01
4.050701446533203076e-01
4.049152946472168169e-01
4.048782081604003769e-01
4.048680973052978249e-01
4.047263655662536874e-01
4.045138523578643563e-01
4.045468952655792427e-01
4.043516640663146755e-01
4.043432192802429159e-01
4.042173547744751239e-01
4.041980676651000803e-01
4.041045875549316158e-01
4.039934258460998739e-01
4.039261744022369371e-01
4.039706854820251380e-01
4.039375414848327406e-01
4.038140985965728569e-01
4.038484716415405296e-01
4.036782560348510795e-01
4.036610059738159340e-01
4.035403778553008913e-01
