6.825604972839355300e-01
6.540228223800659269e-01
6.072619261741638574e-01
5.333447940349579364e-01
4.860298886299133092e-01
4.679406280517577899e-01
4.538334693908691597e-01
4.443391559123993084e-01
4.385411424636840860e-01
4.347221317291259934e-01
4.329909439086914169e-01
4.319883990287780584e-01
4.307159836292266952e-01
4.296831989288329989e-01
4.293759055137634228e-01
4.284000549316406281e-01
4.276713156700134300e-01
4.270498042106628533e-01
4.260737433433532950e-01
4.248086996078491162e-01
4.239288139343261874e-01
4.230296130180358771e-01
4.217533917427063184e-01
4.208727488517761128e-01
4.199947571754455433e-01
4.193858857154846298e-01
4.186038336753845068e-01
4.182420067787170348e-01
4.178053927421570002e-01
4.169534530639648628e-01
4.167032942771911608e-01
4.160942268371581876e-01
4.161730747222900373e-01
4.155407516956329261e-01
4.154823095798492183e-01
4.147016630172729590e-01
4.147412190437316792e-01
4.139787583351135503e-01
4.136325249671936044e-01
4.137302703857421715e-01
4.128634910583496298e-01
4.127791347503662056e-01
4.121649518013000280e-01
4.120678513050079483e-01
4.121184680461883465e-01
4.114087123870849849e-01
4.115108108520507679e-01
4.110891833305359011e-01
4.106324625015258523e-01
4.104593753814697044e-01
4.103047671318054146e-01
4.100608139038086075e-01
4.098157627582549867e-01
4.095722990036010924e-01
4.096170771121978582e-01
4.087794752120971764e-01
4.086394600868225035e-01
4.083337759971618630e-01
4.085259499549865891e-01
4.083229863643646484e-01
4.080429160594939986e-01
4.083862404823302983e-01
4.081018772125243887e-01
4.074606943130493208e-01
4.074203329086303893e-01
4.071323163509368848e-01
4.070713820457458332e-01
4.068187546730041571e-01
4.066152548789978005e-01
4.070486540794372443e-01
4.065624878406524645e-01
4.069774584770202708e-01
4.070590939521789298e-01
4.066570036411285560e-01
4.057316253185272448e-01
4.065659208297729421e-01
4.056837515830993834e-01
4.059099051952362314e-01
4.052919383049011226e-01
4.053587393760680890e-01
4.053183622360229665e-01
4.053495945930480904e-01
4.052048771381377978e-01
4.052731018066406121e-01
4.051069726943969940e-01
4.049445130825042871e-01
4.048677368164062540e-01
4.047697410583496191e-01
4.048023109436035272e-01
4.047939329147338672e-01
4.046126182079315403e-01
4.048343341350555402e-01
4.044984526634216038e-01
4.041341786384582413e-01
4.039654808044433332e-01
4.043850216865539360e-01
4.043784203529358079e-01
4.041666514873504812e-01
4.041100287437439098e-01
4.041582551002502188e-01
4.041659660339355642e-01
4.041068775653839373e-01
4.040748872756957932e-01
4.036348428726196369e-01
4.040594816207885853e-01
4.035482158660888552e-01
4.037204008102416863e-01
4.039372479915618874e-01
4.039205803871154798e-01
4.040395643711089946e-01
4.035829372406005700e-01
4.034922899007797326e-01
4.034815168380737060e-01
4.036894433498382506e-01
4.032968194484710667e-01
4.031312808990478724e-01
4.036748809814453276e-01
4.032872066497802943e-01
4.032227866649627512e-01
4.031984558105468630e-01
4.032403626441955491e-01
4.031092810630798606e-01
4.031414208412170685e-01
4.029259266853332244e-01
4.028763628005981312e-01
4.033160324096679572e-01
4.030695390701293790e-01
4.028723487854004026e-01
4.029266090393066602e-01
4.029097115993499623e-01
4.029197425842285241e-01
4.027512688636779581e-01
4.027917895317077446e-01
4.028425226211547749e-01
4.023419308662414817e-01
4.025800662040710520e-01
4.024979248046874902e-01
4.025433654785156024e-01
4.026027595996856667e-01
4.023787281513214187e-01
4.025048985481262109e-01
4.025388624668121418e-01
4.028688173294067143e-01
4.022858943939208731e-01
4.022901358604430988e-01
4.022792286872863832e-01
4.024004848003387425e-01
4.022269406318664808e-01
4.021996097564697337e-01
4.021898245811462158e-01
4.022245359420776323e-01
4.019392485618591415e-01
4.022549729347228986e-01
4.021078407764434592e-01
4.018949301242828454e-01
4.017362856864929443e-01
4.022736051082611008e-01
4.012767858505248975e-01
4.021188702583313179e-01
4.021393671035766726e-01
4.024395353794097963e-01
4.019911422729492423e-01
4.017602543830871564e-01
4.022010922431945579e-01
4.024829564094543621e-01
4.020016479492187766e-01
4.017805047035217236e-01
4.015505881309509029e-01
4.013408021926879732e-01
4.014805097579955961e-01
4.020098943710327388e-01
4.014334170818328884e-01
4.017812314033508136e-01
4.009619417190551927e-01
4.012179381847381654e-01
4.012485790252685591e-01
4.011129813194274640e-01
4.014179558753967481e-01
4.011598730087280185e-01
4.013050587177276474e-01
4.020478348731994500e-01
4.010249209403991544e-01
4.009553380012512158e-01
4.014739575386047088e-01
4.008717479705810605e-01
4.007338428497314586e-01
4.011629226207732990e-01
4.010743980407714959e-01
4.007982738018036062e-01
4.012381272315979075e-01
4.008735647201537855e-01
4.011602449417114302e-01
4.015505104064941433e-01
4.009353764057159153e-01
4.007881448268890145e-01
4.009368166923523158e-01
4.006906521320343084e-01
4.005059700012206791e-01
4.010732903480530021e-01
4.010650293827056623e-01
