6.843141031265258523e-01
6.670738735198974423e-01
6.512166223526001385e-01
6.366327476501464355e-01
6.232712116241455602e-01
6.111186828613280886e-01
5.999840192794799743e-01
5.898603968620300675e-01
5.806907644271850355e-01
5.723306360244750923e-01
5.647935886383056436e-01
5.579668898582458292e-01
5.518261942863463831e-01
5.463265752792358931e-01
5.413746995925903249e-01
5.369530587196350568e-01
5.329812526702880637e-01
5.294766135215759340e-01
5.263432121276855336e-01
5.235997977256774405e-01
5.211542415618896085e-01
5.190273761749267800e-01
5.171537065505981134e-01
5.155210766792297505e-01
5.140942864418029945e-01
5.128534495830535667e-01
5.117653102874756277e-01
5.108410840034485201e-01
5.100408349037169886e-01
5.093635787963867179e-01
5.087732214927673802e-01
5.082791554927825750e-01
5.078599858283996404e-01
5.074956145286559916e-01
5.072185790538787931e-01
5.069548335075378942e-01
5.067523574829101429e-01
5.065815169811248575e-01
5.064352154731750488e-01
5.063175492286682289e-01
5.062255256175994811e-01
5.061592550277710378e-01
5.061027441024780194e-01
5.060581738948821684e-01
5.060244154930114702e-01
5.059959189891815035e-01
5.059826955795287962e-01
5.059548282623290705e-01
5.059420533180236657e-01
5.059365167617797532e-01
5.059244935512542396e-01
5.059179234504699307e-01
5.059153506755829088e-01
5.059103279113769114e-01
5.059118156433105584e-01
5.059111034870147350e-01
5.059027800559997567e-01
5.059142999649047789e-01
5.059093718528747674e-01
5.059053897857666016e-01
5.059064910411834592e-01
5.059027180671692436e-01
5.059060740470886497e-01
5.059031887054443732e-01
5.059062595367431747e-01
5.059031896591186239e-01
5.059028387069701704e-01
5.059111576080321804e-01
5.059028511047363175e-01
5.059128985404968137e-01
5.059180417060852308e-01
5.059112920761108523e-01
5.059066348075866859e-01
5.059052596092223908e-01
5.059025044441223251e-01
5.059058179855346893e-01
5.059090356826781987e-01
5.059142770767212083e-01
5.059126162528991832e-01
5.059099969863891655e-01
5.059083523750305122e-01
5.059117608070373695e-01
5.059089818000793715e-01
5.059043130874634198e-01
5.059156978130340265e-01
5.059114847183227015e-01
5.059028406143188938e-01
5.059076466560363805e-01
5.059173145294189045e-01
5.059083418846130886e-01
5.059165544509888202e-01
5.059088664054870454e-01
5.059077687263489054e-01
5.059147272109985050e-01
5.059139809608459437e-01
5.059055781364441007e-01
5.059071874618530362e-01
5.059076802730559930e-01
5.059123458862304634e-01
5.059151189327240061e-01
5.059121837615966344e-01
5.059065237045288210e-01
5.059034094810486160e-01
5.059099483489990501e-01
5.059082174301147150e-01
5.059156682491302570e-01
5.059062089920044469e-01
5.059237313270569247e-01
5.059059553146362243e-01
5.059071836471558115e-01
5.059078669548034979e-01
5.059184825420379727e-01
5.059083752632140829e-01
5.059050846099854004e-01
5.059083931446075599e-01
5.059106888771056632e-01
5.059067482948302885e-01
5.059085526466369220e-01
5.059176468849182484e-01
5.059424934387206640e-01
5.059031858444213992e-01
5.059066867828369007e-01
5.059152860641479288e-01
5.059186911582946866e-01
5.059070911407470561e-01
5.059036769866943617e-01
5.059037747383117178e-01
5.059098854064941753e-01
5.059084556102753094e-01
5.059069344997405571e-01
5.059093728065490181e-01
5.059108080863952139e-01
5.059117541313171706e-01
5.059088633060455642e-01
5.059077620506287065e-01
5.059021649360656570e-01
5.059051742553710707e-01
5.059076344966888517e-01
5.059053268432617267e-01
5.059035582542419363e-01
5.059024329185486391e-01
5.059332294464111701e-01
5.059061841964721529e-01
5.059085292816162260e-01
5.059204361438751629e-01
5.059100899696350462e-01
5.059151089191437078e-01
5.059090151786803657e-01
5.059076042175293386e-01
5.059027431011200449e-01
5.059238457679748890e-01
5.059102559089661000e-01
5.059094204902648828e-01
5.059099795818329248e-01
5.059091949462890536e-01
5.059075036048888974e-01
5.059431359767914138e-01
5.059121947288512944e-01
5.059175932407379284e-01
5.059069781303405788e-01
5.059024834632873668e-01
5.059059600830078107e-01
5.059087471961974947e-01
5.059123473167419505e-01
5.059115366935730274e-01
5.059056162834167925e-01
5.059008693695068448e-01
5.059060406684875444e-01
5.059251108169555700e-01
5.059043476581573939e-01
5.059128551483154101e-01
5.059075455665588139e-01
5.059082989692688104e-01
5.059130229949950763e-01
5.059042572975158691e-01
5.059318454265594456e-01
5.059115176200866815e-01
5.059048385620117383e-01
5.059105527400969970e-01
5.059200825691223535e-01
5.059037456512450737e-01
5.059030184745788583e-01
5.059086065292358603e-01
5.059026489257812953e-01
5.059100503921508674e-01
5.059091286659240794e-01
5.059134702682495099e-01
5.059106316566467365e-01
5.059073829650878595e-01
5.059093012809753320e-01
5.059055151939392259e-01
5.059057030677794886e-01
5.059034714698791291e-01
5.059037079811096183e-01
5.059093794822693280e-01
5.059073655605316189e-01
5.059055776596069753e-01
5.059111928939818981e-01
5.059117500782013277e-01
5.059125509262084597e-01
