7.960000000000000409e-01
7.960000000000000409e-01
7.960000000000000409e-01
7.960000000000000409e-01
7.960000000000000409e-01
7.960000000000000409e-01
7.960000000000000409e-01
7.960000000000000409e-01
7.960000000000000409e-01
7.960000000000000409e-01
7.960000000000000409e-01
7.960000000000000409e-01
7.960000000000000409e-01
7.960000000000000409e-01
7.960000000000000409e-01
7.960000000000000409e-01
7.960000000000000409e-01
7.960000000000000409e-01
7.960000000000000409e-01
7.960000000000000409e-01
7.960000000000000409e-01
7.960000000000000409e-01
7.960000000000000409e-01
7.960000000000000409e-01
7.960000000000000409e-01
7.960000000000000409e-01
7.960000000000000409e-01
7.960000000000000409e-01
7.960000000000000409e-01
7.960000000000000409e-01
8.307499999999999885e-01
8.409999999999999698e-01
8.427499999999999991e-01
8.409999999999999698e-01
8.445000000000000284e-01
8.438750000000000417e-01
8.461250000000000160e-01
8.451250000000000151e-01
8.456249999999999600e-01
8.466249999999999609e-01
8.472499999999999476e-01
8.476249999999999618e-01
8.476249999999999618e-01
8.497500000000000053e-01
8.493749999999999911e-01
8.492499999999999494e-01
8.505000000000000338e-01
8.506249999999999645e-01
8.508750000000000480e-01
8.492499999999999494e-01
8.508750000000000480e-01
8.506249999999999645e-01
8.508750000000000480e-01
8.511250000000000204e-01
8.527500000000000080e-01
8.526249999999999662e-01
8.543749999999999956e-01
8.552499999999999547e-01
8.536249999999999671e-01
8.563749999999999973e-01
8.582499999999999574e-01
8.582499999999999574e-01
8.571250000000000258e-01
8.591250000000000275e-01
8.581250000000000266e-01
8.591250000000000275e-01
8.598749999999999449e-01
8.601250000000000284e-01
8.611250000000000293e-01
8.597500000000000142e-01
8.597500000000000142e-01
8.598749999999999449e-01
8.586249999999999716e-01
8.601250000000000284e-01
8.596249999999999725e-01
8.612499999999999600e-01
8.608749999999999458e-01
8.599999999999999867e-01
8.588750000000000551e-01
8.616249999999999742e-01
8.606249999999999734e-01
8.606249999999999734e-01
8.591250000000000275e-01
8.602499999999999591e-01
8.602499999999999591e-01
8.593750000000000000e-01
8.603750000000000009e-01
8.608749999999999458e-01
8.606249999999999734e-01
8.611250000000000293e-01
8.609999999999999876e-01
8.607500000000000151e-01
8.613750000000000018e-01
8.602499999999999591e-01
8.622499999999999609e-01
8.613750000000000018e-01
8.612499999999999600e-01
8.597500000000000142e-01
8.618749999999999467e-01
8.619999999999999885e-01
8.611250000000000293e-01
8.625000000000000444e-01
8.628749999999999476e-01
8.631250000000000311e-01
8.623750000000000027e-01
8.621250000000000302e-01
8.627500000000000169e-01
8.628749999999999476e-01
8.619999999999999885e-01
8.629999999999999893e-01
8.642499999999999627e-01
8.607500000000000151e-01
8.633750000000000036e-01
8.629999999999999893e-01
8.615000000000000435e-01
8.607500000000000151e-01
8.622499999999999609e-01
8.631250000000000311e-01
8.619999999999999885e-01
8.632499999999999618e-01
8.627500000000000169e-01
8.617500000000000160e-01
8.625000000000000444e-01
8.632499999999999618e-01
8.642499999999999627e-01
8.619999999999999885e-01
8.617500000000000160e-01
8.621250000000000302e-01
8.615000000000000435e-01
8.607500000000000151e-01
8.631250000000000311e-01
8.633750000000000036e-01
8.609999999999999876e-01
8.631250000000000311e-01
8.621250000000000302e-01
8.609999999999999876e-01
8.611250000000000293e-01
8.621250000000000302e-01
8.629999999999999893e-01
8.613750000000000018e-01
8.622499999999999609e-01
8.615000000000000435e-01
8.638749999999999485e-01
8.627500000000000169e-01
8.631250000000000311e-01
8.622499999999999609e-01
8.625000000000000444e-01
8.616249999999999742e-01
8.636249999999999760e-01
8.616249999999999742e-01
8.625000000000000444e-01
8.625000000000000444e-01
8.617500000000000160e-01
8.633750000000000036e-01
8.632499999999999618e-01
8.617500000000000160e-01
8.622499999999999609e-01
8.631250000000000311e-01
8.627500000000000169e-01
8.647500000000000187e-01
8.626249999999999751e-01
8.645000000000000462e-01
8.606249999999999734e-01
8.621250000000000302e-01
8.619999999999999885e-01
8.636249999999999760e-01
8.622499999999999609e-01
8.641250000000000320e-01
8.645000000000000462e-01
8.626249999999999751e-01
8.609999999999999876e-01
8.629999999999999893e-01
8.643750000000000044e-01
8.619999999999999885e-01
8.633750000000000036e-01
8.645000000000000462e-01
8.633750000000000036e-01
8.633750000000000036e-01
8.611250000000000293e-01
8.646249999999999769e-01
8.621250000000000302e-01
8.639999999999999902e-01
8.623750000000000027e-01
8.622499999999999609e-01
8.622499999999999609e-01
8.621250000000000302e-01
8.637500000000000178e-01
8.627500000000000169e-01
8.623750000000000027e-01
8.633750000000000036e-01
8.617500000000000160e-01
8.635000000000000453e-01
8.628749999999999476e-01
8.631250000000000311e-01
8.649999999999999911e-01
8.627500000000000169e-01
8.628749999999999476e-01
8.633750000000000036e-01
8.661250000000000338e-01
8.628749999999999476e-01
