7.957812499999999956e-01
7.957812499999999956e-01
7.957812499999999956e-01
7.957812499999999956e-01
7.957812499999999956e-01
7.957812499999999956e-01
7.957812499999999956e-01
7.957812499999999956e-01
7.957812499999999956e-01
7.957812499999999956e-01
7.957812499999999956e-01
7.957812499999999956e-01
7.957812499999999956e-01
7.957812499999999956e-01
7.957812499999999956e-01
7.957812499999999956e-01
7.957812499999999956e-01
7.957812499999999956e-01
7.957812499999999956e-01
7.957812499999999956e-01
7.957812499999999956e-01
7.957812499999999956e-01
7.957812499999999956e-01
7.957812499999999956e-01
7.957812499999999956e-01
7.957812499999999956e-01
7.957812499999999956e-01
7.957812499999999956e-01
7.957812499999999956e-01
7.957812499999999956e-01
7.957812499999999956e-01
7.957812499999999956e-01
7.957812499999999956e-01
7.957812499999999956e-01
7.957812499999999956e-01
7.957812499999999956e-01
7.957812499999999956e-01
7.957812499999999956e-01
7.957812499999999956e-01
7.957812499999999956e-01
7.957812499999999956e-01
7.957812499999999956e-01
7.957812499999999956e-01
7.957812499999999956e-01
7.957812499999999956e-01
7.957812499999999956e-01
7.957812499999999956e-01
7.957812499999999956e-01
7.957812499999999956e-01
7.957812499999999956e-01
7.957812499999999956e-01
7.957812499999999956e-01
7.957812499999999956e-01
7.957812499999999956e-01
7.957812499999999956e-01
7.957812499999999956e-01
7.957812499999999956e-01
7.957812499999999956e-01
7.957812499999999956e-01
7.957812499999999956e-01
7.957812499999999956e-01
7.957812499999999956e-01
7.957812499999999956e-01
7.957812499999999956e-01
7.957812499999999956e-01
7.957812499999999956e-01
7.957812499999999956e-01
7.957812499999999956e-01
7.957812499999999956e-01
7.957812499999999956e-01
7.957812499999999956e-01
7.957812499999999956e-01
7.957812499999999956e-01
7.957812499999999956e-01
7.957812499999999956e-01
7.957812499999999956e-01
7.957812499999999956e-01
7.957812499999999956e-01
7.984375000000000222e-01
8.203125000000000000e-01
8.204687499999999689e-01
8.215624999999999734e-01
8.217187500000000533e-01
8.223437500000000400e-01
8.225000000000000089e-01
8.228124999999999467e-01
8.231249999999999956e-01
8.239062499999999512e-01
8.229687500000000266e-01
8.234375000000000444e-01
8.237499999999999822e-01
8.231249999999999956e-01
8.235937500000000133e-01
8.248437499999999867e-01
8.251562500000000355e-01
8.248437499999999867e-01
8.243749999999999689e-01
8.248437499999999867e-01
8.253125000000000044e-01
8.249999999999999556e-01
8.257812500000000222e-01
8.262500000000000400e-01
8.262500000000000400e-01
8.254687499999999734e-01
8.260937499999999600e-01
8.256250000000000533e-01
8.262500000000000400e-01
8.267187499999999467e-01
8.271874999999999645e-01
8.262500000000000400e-01
8.273437500000000444e-01
8.265624999999999778e-01
8.275000000000000133e-01
8.262500000000000400e-01
8.271874999999999645e-01
8.275000000000000133e-01
8.282812499999999689e-01
8.281250000000000000e-01
8.279687500000000311e-01
8.275000000000000133e-01
8.268750000000000266e-01
8.270312499999999956e-01
8.279687500000000311e-01
8.275000000000000133e-01
8.281250000000000000e-01
8.284375000000000488e-01
8.284375000000000488e-01
8.292187500000000044e-01
8.282812499999999689e-01
8.289062499999999556e-01
8.287499999999999867e-01
8.287499999999999867e-01
8.276562499999999822e-01
8.289062499999999556e-01
8.282812499999999689e-01
8.289062499999999556e-01
8.287499999999999867e-01
8.296875000000000222e-01
8.279687500000000311e-01
8.292187500000000044e-01
8.292187500000000044e-01
8.295312500000000533e-01
8.289062499999999556e-01
8.292187500000000044e-01
8.295312500000000533e-01
8.290625000000000355e-01
8.293749999999999734e-01
8.296875000000000222e-01
8.298437499999999911e-01
8.304687499999999778e-01
8.293749999999999734e-01
8.301562500000000400e-01
8.296875000000000222e-01
8.298437499999999911e-01
8.299999999999999600e-01
8.298437499999999911e-01
8.306249999999999467e-01
8.306249999999999467e-01
8.301562500000000400e-01
8.312500000000000444e-01
8.306249999999999467e-01
8.296875000000000222e-01
8.306249999999999467e-01
8.309374999999999956e-01
8.303125000000000089e-01
8.309374999999999956e-01
8.312500000000000444e-01
8.309374999999999956e-01
8.303125000000000089e-01
8.312500000000000444e-01
8.301562500000000400e-01
8.304687499999999778e-01
8.307812500000000266e-01
8.306249999999999467e-01
8.309374999999999956e-01
8.307812500000000266e-01
8.301562500000000400e-01
8.306249999999999467e-01
8.309374999999999956e-01
8.315624999999999822e-01
8.317187499999999512e-01
8.312500000000000444e-01
8.310937499999999645e-01
8.318750000000000311e-01
8.312500000000000444e-01
8.304687499999999778e-01
8.310937499999999645e-01
8.318750000000000311e-01
8.310937499999999645e-01
8.310937499999999645e-01
8.310937499999999645e-01
8.307812500000000266e-01
8.306249999999999467e-01
8.312500000000000444e-01
8.317187499999999512e-01
8.312500000000000444e-01
8.312500000000000444e-01
8.312500000000000444e-01
8.312500000000000444e-01
8.320312500000000000e-01
