6.843720006942749512e-01
6.669618959426879545e-01
6.510766248703002690e-01
6.365201597213745455e-01
6.231359944343567436e-01
6.109686431884765456e-01
5.998512563705444833e-01
5.897704854011535103e-01
5.805768342018127193e-01
5.722735295295715563e-01
5.647305736541747834e-01
5.579531679153442170e-01
5.518156731128692760e-01
5.462815895080566087e-01
5.413544197082519327e-01
5.369287362098693617e-01
5.329981193542480122e-01
5.295075273513794034e-01
5.263887004852294549e-01
5.236423091888428027e-01
5.212038760185241371e-01
5.190745615959166948e-01
5.171945824623107590e-01
5.155588903427124059e-01
5.141139352321624223e-01
5.128606462478637606e-01
5.117924818992615199e-01
5.108684382438659632e-01
5.100613698959350906e-01
5.093609876632690936e-01
5.087655341625213490e-01
5.082602372169494620e-01
5.078339037895203134e-01
5.074858016967773722e-01
5.071932935714721369e-01
5.069451751708984322e-01
5.067530918121337935e-01
5.065749692916869940e-01
5.064473414421081232e-01
5.063349361419677841e-01
5.062442774772644150e-01
5.061662950515747328e-01
5.061086769104004013e-01
5.060598077774047798e-01
5.060287299156188690e-01
5.059948022365570175e-01
5.059758262634277415e-01
5.059605326652526491e-01
5.059495160579681183e-01
5.059400205612182289e-01
5.059361963272094309e-01
5.059265246391296822e-01
5.059227604866027850e-01
5.059215803146361878e-01
5.059116849899292223e-01
5.059109601974487447e-01
5.059090151786803657e-01
5.059192452430725240e-01
5.059116871356964529e-01
5.059073557853698277e-01
5.059075994491577521e-01
5.059049673080444620e-01
5.059149317741393759e-01
5.059149832725524654e-01
5.059091048240661470e-01
5.059131336212158159e-01
5.059065682888030935e-01
5.059024329185486391e-01
5.059159231185913486e-01
5.059086394309997292e-01
5.059005856513977273e-01
5.059069209098815412e-01
5.059064435958862127e-01
5.059068932533263840e-01
5.059090387821197909e-01
5.059135589599609295e-01
5.059138717651366912e-01
5.059061684608459064e-01
5.059115304946899538e-01
5.059081759452820348e-01
5.059084956645965026e-01
5.059039628505707098e-01
5.059044668674469447e-01
5.059089124202728049e-01
5.059053287506103391e-01
5.059078989028931161e-01
5.059060664176940891e-01
5.059134356975555358e-01
5.059121022224426500e-01
5.059048223495483665e-01
5.059081678390502379e-01
5.059063363075256836e-01
5.059081397056579554e-01
5.059113698005676119e-01
5.059056305885314408e-01
5.059101629257202193e-01
5.059049243927001838e-01
5.059040789604186683e-01
5.059080667495727823e-01
5.059079248905181680e-01
5.059089479446411408e-01
5.059035277366638050e-01
5.059039802551269505e-01
5.059136643409728462e-01
5.059063744544982644e-01
5.059055271148681365e-01
5.059066991806030478e-01
5.059203538894653240e-01
5.059085373878479119e-01
5.059015026092529288e-01
5.059092917442321591e-01
5.059267351627350084e-01
5.059175691604613778e-01
5.059126267433166069e-01
5.059104764461517245e-01
5.059077291488647266e-01
5.059061646461486816e-01
5.059049572944641637e-01
5.059360909461975142e-01
5.059204907417297337e-01
5.059045381546020126e-01
5.059120235443115288e-01
5.059080629348754465e-01
5.059066045284271729e-01
5.059056940078735520e-01
5.059187645912170961e-01
5.059058446884154847e-01
5.059139828681945561e-01
5.059043374061584775e-01
5.059030432701110414e-01
5.059101397991180304e-01
5.059042186737060520e-01
5.059076404571533070e-01
5.059241986274719549e-01
5.059043784141540323e-01
5.059086785316467827e-01
5.059070320129394061e-01
5.059046671390533545e-01
5.059146981239318608e-01
5.059082434177398779e-01
5.059082746505737527e-01
5.059170107841491903e-01
5.059170742034911905e-01
5.059021964073181499e-01
5.059150118827819842e-01
5.059045293331145832e-01
5.059074549674987820e-01
5.059146285057067871e-01
5.059074923992157302e-01
5.059159312248230345e-01
5.059074573516845197e-01
5.059026141166687029e-01
5.059077186584473029e-01
5.059123883247375053e-01
5.059083137512206951e-01
5.059199419021606081e-01
5.059194898605346991e-01
5.059071869850159109e-01
5.059127802848816247e-01
5.059078741073608221e-01
5.059248456954955619e-01
5.059070706367492232e-01
5.059069209098815412e-01
5.059102077484131099e-01
5.059088592529297213e-01
5.059126796722411834e-01
5.059048259258269731e-01
5.059066405296325231e-01
5.059035124778747949e-01
5.059101665019989369e-01
5.059078156948089156e-01
5.059129705429077362e-01
5.059044303894042471e-01
5.059061326980590634e-01
5.059121952056885307e-01
5.059065971374511195e-01
5.059082369804381862e-01
5.059115223884582679e-01
5.059159750938415634e-01
5.059201874732971449e-01
5.059112331867218204e-01
5.059094548225402388e-01
5.059104726314544997e-01
5.059249424934386674e-01
5.059088668823241708e-01
5.059046535491943386e-01
5.059111838340759615e-01
5.059062447547912900e-01
5.059238033294677361e-01
5.059203023910522345e-01
5.059045333862304261e-01
5.059325246810912891e-01
5.059099016189575471e-01
5.059099745750427202e-01
5.059038245677948131e-01
5.059030766487121467e-01
5.059228096008300257e-01
5.059271783828734881e-01
5.059148945808410458e-01
5.059041643142699884e-01
