7.874999999999999778e-01
7.960000000000000409e-01
7.960000000000000409e-01
7.960000000000000409e-01
7.960000000000000409e-01
7.960000000000000409e-01
7.960000000000000409e-01
7.960000000000000409e-01
7.960000000000000409e-01
7.960000000000000409e-01
7.960000000000000409e-01
7.960000000000000409e-01
7.960000000000000409e-01
7.960000000000000409e-01
7.960000000000000409e-01
7.960000000000000409e-01
7.960000000000000409e-01
7.960000000000000409e-01
7.960000000000000409e-01
7.960000000000000409e-01
7.960000000000000409e-01
7.960000000000000409e-01
7.960000000000000409e-01
7.960000000000000409e-01
7.960000000000000409e-01
8.002500000000000169e-01
8.236250000000000515e-01
8.237499999999999822e-01
8.246250000000000524e-01
8.246250000000000524e-01
8.257499999999999840e-01
8.247499999999999831e-01
8.251249999999999973e-01
8.255000000000000115e-01
8.259999999999999565e-01
8.268750000000000266e-01
8.268750000000000266e-01
8.272500000000000409e-01
8.269999999999999574e-01
8.268750000000000266e-01
8.278750000000000275e-01
8.277499999999999858e-01
8.279999999999999583e-01
8.288750000000000284e-01
8.285000000000000142e-01
8.297499999999999876e-01
8.292500000000000426e-01
8.302500000000000435e-01
8.303749999999999742e-01
8.305000000000000160e-01
8.308750000000000302e-01
8.308750000000000302e-01
8.312500000000000444e-01
8.313749999999999751e-01
8.312500000000000444e-01
8.319999999999999618e-01
8.318750000000000311e-01
8.313749999999999751e-01
8.321250000000000036e-01
8.325000000000000178e-01
8.317499999999999893e-01
8.308750000000000302e-01
8.322500000000000453e-01
8.322500000000000453e-01
8.321250000000000036e-01
8.328750000000000320e-01
8.327499999999999902e-01
8.338750000000000329e-01
8.337499999999999911e-01
8.332500000000000462e-01
8.339999999999999636e-01
8.335000000000000187e-01
8.333749999999999769e-01
8.341250000000000053e-01
8.345000000000000195e-01
8.349999999999999645e-01
8.343749999999999778e-01
8.347499999999999920e-01
8.339999999999999636e-01
8.346249999999999503e-01
8.356249999999999512e-01
8.337499999999999911e-01
8.347499999999999920e-01
8.353749999999999787e-01
8.337499999999999911e-01
8.342500000000000471e-01
8.342500000000000471e-01
8.343749999999999778e-01
8.347499999999999920e-01
8.341250000000000053e-01
8.346249999999999503e-01
8.343749999999999778e-01
8.345000000000000195e-01
8.338750000000000329e-01
8.343749999999999778e-01
8.342500000000000471e-01
8.338750000000000329e-01
8.346249999999999503e-01
8.348750000000000338e-01
8.361250000000000071e-01
8.345000000000000195e-01
8.347499999999999920e-01
8.358750000000000346e-01
8.358750000000000346e-01
8.348750000000000338e-01
8.359999999999999654e-01
8.362500000000000488e-01
8.341250000000000053e-01
8.345000000000000195e-01
8.367499999999999938e-01
8.361250000000000071e-01
8.352500000000000480e-01
8.355000000000000204e-01
8.341250000000000053e-01
8.341250000000000053e-01
8.356249999999999512e-01
8.363749999999999796e-01
8.351250000000000062e-01
8.349999999999999645e-01
8.351250000000000062e-01
8.343749999999999778e-01
8.366249999999999520e-01
8.342500000000000471e-01
8.351250000000000062e-01
8.345000000000000195e-01
8.343749999999999778e-01
8.345000000000000195e-01
8.349999999999999645e-01
8.335000000000000187e-01
8.357499999999999929e-01
8.339999999999999636e-01
8.349999999999999645e-01
8.346249999999999503e-01
8.347499999999999920e-01
8.346249999999999503e-01
8.348750000000000338e-01
8.345000000000000195e-01
8.335000000000000187e-01
8.349999999999999645e-01
8.346249999999999503e-01
8.336249999999999494e-01
8.341250000000000053e-01
8.332500000000000462e-01
8.347499999999999920e-01
8.338750000000000329e-01
8.339999999999999636e-01
8.342500000000000471e-01
8.339999999999999636e-01
8.345000000000000195e-01
8.328750000000000320e-01
8.343749999999999778e-01
8.346249999999999503e-01
8.345000000000000195e-01
8.358750000000000346e-01
8.336249999999999494e-01
8.338750000000000329e-01
8.337499999999999911e-01
8.342500000000000471e-01
8.337499999999999911e-01
8.332500000000000462e-01
8.336249999999999494e-01
8.335000000000000187e-01
8.343749999999999778e-01
8.337499999999999911e-01
8.333749999999999769e-01
8.335000000000000187e-01
8.335000000000000187e-01
8.335000000000000187e-01
8.332500000000000462e-01
8.338750000000000329e-01
8.332500000000000462e-01
8.331250000000000044e-01
8.332500000000000462e-01
8.335000000000000187e-01
8.337499999999999911e-01
8.348750000000000338e-01
8.335000000000000187e-01
8.335000000000000187e-01
8.332500000000000462e-01
8.329999999999999627e-01
8.337499999999999911e-01
8.339999999999999636e-01
8.337499999999999911e-01
8.322500000000000453e-01
8.343749999999999778e-01
8.329999999999999627e-01
8.337499999999999911e-01
8.346249999999999503e-01
8.351250000000000062e-01
8.336249999999999494e-01
8.335000000000000187e-01
8.337499999999999911e-01
8.326249999999999485e-01
8.329999999999999627e-01
8.328750000000000320e-01
8.337499999999999911e-01
8.323749999999999760e-01
8.339999999999999636e-01
8.338750000000000329e-01
8.342500000000000471e-01
