6.852472078800201372e-01
6.569434916973113658e-01
5.863237428665161177e-01
4.997076690196990967e-01
4.567668783664703414e-01
4.440375405550003318e-01
4.391833657026291138e-01
4.366056370735168501e-01
4.349778884649276867e-01
4.337312895059585727e-01
4.328051292896270552e-01
4.320710194110870539e-01
4.313185501098633079e-01
4.308220070600509710e-01
4.302364754676819003e-01
4.296606647968292392e-01
4.292516517639159979e-01
4.287568068504333252e-01
4.283827823400497281e-01
4.279287183284759544e-01
4.274701780080795155e-01
4.270898324251174993e-01
4.266640120744705222e-01
4.261714905500412209e-01
4.258954119682312189e-01
4.255585139989853105e-01
4.251633739471435414e-01
4.249382382631302080e-01
4.245849120616912997e-01
4.242692136764526500e-01
4.240468543767929033e-01
4.238301301002502242e-01
4.235306191444396795e-01
4.231232440471648926e-01
4.228822892904281483e-01
4.226994538307189964e-01
4.222783106565475286e-01
4.219479572772979470e-01
4.217802464962005504e-01
4.213753867149352961e-01
4.211625456809997559e-01
4.208679056167602406e-01
4.206271177530288563e-01
4.204012745618820324e-01
4.200443637371062966e-01
4.198773825168609641e-01
4.195045781135559038e-01
4.192346107959747381e-01
4.189073878526687889e-01
4.187523829936981024e-01
4.183596336841583496e-01
4.180703610181808472e-01
4.177277201414108521e-01
4.174884015321731479e-01
4.172624254226684481e-01
4.169248682260513483e-01
4.165823578834533802e-01
4.161226725578308083e-01
4.158647781610488869e-01
4.156263905763626365e-01
4.153189104795456110e-01
4.149931621551513627e-01
4.147912728786468661e-01
4.145162850618362427e-01
4.141976702213287509e-01
4.139308691024780051e-01
4.138089478015899436e-01
4.134349334239959539e-01
4.132521253824233964e-01
4.130685150623321644e-01
4.129201275110244707e-01
4.125680834054946677e-01
4.122573655843734808e-01
4.120638191699981800e-01
4.117898750305175604e-01
4.116517877578735329e-01
4.113840246200561324e-01
4.111054569482803234e-01
4.108668118715286255e-01
4.106902331113815308e-01
4.106704521179199152e-01
4.102489548921585127e-01
4.101098984479903953e-01
4.098907619714736716e-01
4.097978568077087491e-01
4.094104319810867310e-01
4.093124955892563088e-01
4.091832590103149370e-01
4.088462376594543257e-01
4.087639218568802080e-01
4.085785889625549450e-01
4.086273336410522483e-01
4.082787382602691695e-01
4.081741446256637595e-01
4.080761873722076327e-01
4.077384030818939076e-01
4.075962758064269886e-01
4.075546848773956565e-01
4.072020810842513772e-01
4.071125155687332353e-01
4.070069468021392800e-01
4.069793117046356379e-01
4.068307763338088745e-01
4.069136315584182539e-01
4.064994937181472534e-01
4.065463900566100852e-01
4.065748143196106223e-01
4.062718701362609819e-01
4.062242645025253562e-01
4.060641336441039861e-01
4.060189229249954179e-01
4.058583092689513894e-01
4.058005708456039473e-01
4.055710059404373236e-01
4.056495982408523382e-01
4.056873047351837180e-01
4.052794927358627231e-01
4.053853636980056518e-01
4.051670295000076027e-01
4.051840478181839011e-01
4.051595479249954224e-01
4.050732511281966985e-01
4.050026839971542225e-01
4.047825562953948908e-01
4.049220544099807473e-01
4.048389393091201827e-01
4.046584677696227761e-01
4.047301745414733642e-01
4.046143025159835704e-01
4.044947272539138883e-01
4.044401562213897905e-01
4.045042842626571655e-01
4.042648643255233876e-01
4.043569892644882091e-01
4.042462557554244995e-01
4.042176717519760376e-01
4.041403895616531572e-01
4.040994399785995395e-01
4.040081167221069580e-01
4.040135878324508933e-01
4.037944281101226718e-01
4.038359713554382502e-01
4.037891638278960915e-01
4.037925797700882002e-01
4.036886107921600075e-01
4.036371666193008245e-01
4.034776866436004528e-01
4.035258442163467407e-01
4.034245151281357078e-01
4.034423679113388062e-01
4.033416348695755271e-01
4.032812726497649880e-01
4.032229393720626609e-01
4.031784212589263894e-01
4.032269692420959450e-01
4.031201070547104082e-01
4.031209361553191872e-01
4.030541753768920876e-01
4.029480481147766358e-01
4.028805613517761341e-01
4.029029631614685081e-01
4.027182310819625854e-01
4.027857643365859719e-01
4.026898604631423684e-01
4.025827705860137717e-01
4.024379551410675049e-01
4.024399530887603493e-01
4.025352472066879295e-01
4.025456720590591675e-01
4.023874723911285423e-01
4.022764647006988326e-01
4.023314130306243630e-01
4.021955770254135309e-01
4.021942645311355480e-01
4.020437431335449063e-01
4.020834302902221435e-01
4.020370370149612405e-01
4.020669841766357222e-01
4.019299584627151756e-01
4.017882102727889926e-01
4.019866412878036477e-01
4.017828762531280296e-01
4.017785930633545055e-01
4.016800165176391824e-01
4.016355979442596258e-01
4.015956908464431985e-01
4.016708874702453747e-01
4.016640084981918379e-01
4.016071051359176858e-01
4.015792059898376509e-01
4.013628232479095614e-01
4.012836194038391091e-01
4.013307982683181896e-01
4.012365955114364779e-01
4.011139595508575462e-01
4.013067287206649736e-01
4.010904139280319081e-01
4.010830026865005449e-01
4.010043966770172053e-01
4.011519020795822343e-01
