6.845594305992126483e-01
6.566652965545654030e-01
5.183070821762084668e-01
4.500583896636962677e-01
4.408650989532470477e-01
4.371011586189270104e-01
4.346922416687011848e-01
4.329902873039245814e-01
4.314227700233459473e-01
4.298789474964141988e-01
4.286539232730865456e-01
4.278349537849426287e-01
4.266423475742340266e-01
4.258078300952911621e-01
4.247310976982116570e-01
4.239092650413512908e-01
4.230803723335266331e-01
4.222726132869720206e-01
4.216400732994079470e-01
4.211428265571593998e-01
4.206064071655273295e-01
4.202731671333312935e-01
4.201475071907043723e-01
4.196842565536498815e-01
4.192661516666412180e-01
4.192365651130676163e-01
4.186130704879760800e-01
4.184452595710754230e-01
4.181297674179076940e-01
4.177899188995361501e-01
4.175151686668395756e-01
4.173531289100647079e-01
4.173200025558471693e-01
4.166593217849731690e-01
4.165534245967865146e-01
4.161377210617065447e-01
4.158629770278930438e-01
4.156085205078124956e-01
4.151540486812591579e-01
4.151625275611877663e-01
4.146109399795532280e-01
4.143257064819336200e-01
4.142210936546325550e-01
4.140083589553832932e-01
4.135096569061279537e-01
4.135212774276733616e-01
4.128477945327758691e-01
4.125153191089629967e-01
4.122697577476501229e-01
4.117680597305297674e-01
4.115515356063843000e-01
4.114988298416137891e-01
4.113126239776611071e-01
4.108685498237609757e-01
4.104237406253814502e-01
4.103100824356079035e-01
4.099870040416717654e-01
4.099185860157013028e-01
4.097299690246581916e-01
4.093253982067108221e-01
4.091788668632507231e-01
4.092392981052398460e-01
4.085957493782043648e-01
4.086717915534973100e-01
4.086340904235840066e-01
4.081365220546722683e-01
4.078901746273040918e-01
4.075487935543060103e-01
4.075239632129669110e-01
4.072748956680297683e-01
4.079124705791473127e-01
4.066380274295806618e-01
4.065327870845794611e-01
4.066173744201659890e-01
4.062515048980712695e-01
4.062901856899261421e-01
4.059198136329650874e-01
4.056367473602294771e-01
4.057250666618347212e-01
4.054977521896362402e-01
4.052449834346771307e-01
4.052221539020538499e-01
4.050355098247527819e-01
4.047935495376586701e-01
4.046207339763641109e-01
4.047215261459350399e-01
4.045812175273895139e-01
4.046440091133117756e-01
4.041159958839416477e-01
4.041178574562072634e-01
4.042159957885742005e-01
4.041598412990570210e-01
4.039358510971069460e-01
4.041592054367065256e-01
4.036917309761047234e-01
4.034733638763427499e-01
4.035216462612152277e-01
4.031775960922241442e-01
4.032800846099853787e-01
4.035774550437927211e-01
4.030890197753906334e-01
4.030333871841430549e-01
4.026872119903564529e-01
4.029813976287841548e-01
4.025575001239776740e-01
4.026019272804260418e-01
4.029316134452819997e-01
4.024752855300903209e-01
4.023527057170868115e-01
4.024342117309570588e-01
4.027208571434021112e-01
4.023088121414184481e-01
4.024542994499206716e-01
4.020449266433716029e-01
4.020768294334411408e-01
4.023308875560760445e-01
4.018868398666382014e-01
4.019829878807067991e-01
4.023710491657256916e-01
4.015443482398987074e-01
4.021827650070190496e-01
4.013712525367736927e-01
4.015182616710663011e-01
4.015536098480224636e-01
4.015675115585327082e-01
4.015761284828185951e-01
4.017822344303131343e-01
4.016812710762023841e-01
4.013279190063476776e-01
4.014633235931396316e-01
4.017803201675415048e-01
4.011959040164947421e-01
4.012060481309890903e-01
4.013530263900756956e-01
4.011295585632324023e-01
4.011764655113220224e-01
4.011280984878540234e-01
4.011384866237640567e-01
4.009792640209198233e-01
4.014068100452423127e-01
4.008867669105529719e-01
4.010602915287017622e-01
4.008342146873474232e-01
4.009787316322326878e-01
4.007049043178558256e-01
4.008508102893829084e-01
4.007598886489868173e-01
4.013885350227355819e-01
4.009459700584411812e-01
4.010123248100280757e-01
4.010622615814208869e-01
4.007582092285156272e-01
4.006169576644897368e-01
4.007133450508117423e-01
4.005444626808166708e-01
4.007563037872314271e-01
4.004732308387756179e-01
4.005874133110046142e-01
4.007384774684906170e-01
4.005400872230529541e-01
4.006980924606323158e-01
4.006200437545776594e-01
4.006425094604492143e-01
4.004738674163818568e-01
4.002615351676940825e-01
4.002319025993347212e-01
4.002263970375061208e-01
4.003172240257263370e-01
4.002769403457641650e-01
3.999931912422179936e-01
4.002119688987731960e-01
4.001310672760009512e-01
4.000778610706329230e-01
4.001697630882263268e-01
4.003784523010253671e-01
4.001289858818053990e-01
3.999099128246307311e-01
4.004500002861022812e-01
3.997803852558136084e-01
4.000306460857391277e-01
4.004218401908874458e-01
3.999566688537597448e-01
3.999742205142974849e-01
4.000825340747833359e-01
4.001371493339538343e-01
3.998189952373504830e-01
3.997887523174286084e-01
3.996522574424743457e-01
4.003499295711517303e-01
3.997923510074615217e-01
3.998896517753601221e-01
3.995558123588561772e-01
3.997972896099090678e-01
3.999292507171630651e-01
3.996261291503906410e-01
3.996844868659973349e-01
3.997044181823730669e-01
4.000967426300048868e-01
3.996703281402587682e-01
3.996554992198944056e-01
