6.844987988471984419e-01
6.671351823806762615e-01
6.512079687118530469e-01
6.366177740097045401e-01
6.232537212371825897e-01
6.110179281234741078e-01
5.998747859001160032e-01
5.897749023437499627e-01
5.806300191879272266e-01
5.723015871047973935e-01
5.647804579734801989e-01
5.579857902526855762e-01
5.518562955856323171e-01
5.463474333286285622e-01
5.414068112373352504e-01
5.369822788238525213e-01
5.330500335693358904e-01
5.295461211204528507e-01
5.264245791435241406e-01
5.236589121818542303e-01
5.212065620422363654e-01
5.190868549346924210e-01
5.171977090835571111e-01
5.155546035766601642e-01
5.141211004257202344e-01
5.128693671226501882e-01
5.117729797363280708e-01
5.108460555076599352e-01
5.100474591255188539e-01
5.093621950149536115e-01
5.087747266292571569e-01
5.082648963928222408e-01
5.078451204299926358e-01
5.074989714622497594e-01
5.071951758861541482e-01
5.069468717575073002e-01
5.067528614997863778e-01
5.065737035274505695e-01
5.064416437149047434e-01
5.063299741744995419e-01
5.062417788505554350e-01
5.061673679351806898e-01
5.061118149757385387e-01
5.060625038146973065e-01
5.060224826335907311e-01
5.059980545043945011e-01
5.059795367717743186e-01
5.059611382484435760e-01
5.059444613456726136e-01
5.059307055473327708e-01
5.059220480918884544e-01
5.059210927486419429e-01
5.059250683784485281e-01
5.059106564521789196e-01
5.059115509986877868e-01
5.059122982025145987e-01
5.059066438674926225e-01
5.059066219329834135e-01
5.059034609794617054e-01
5.059047617912292294e-01
5.059033913612365208e-01
5.059093151092529661e-01
5.059054117202759215e-01
5.059034943580626997e-01
5.059028887748717729e-01
5.059138474464416335e-01
5.059079427719116451e-01
5.059166707992553969e-01
5.059076523780823287e-01
5.059056210517883789e-01
5.059049823284149650e-01
5.059017934799194816e-01
5.059059677124023713e-01
5.059024252891540785e-01
5.059077720642090048e-01
5.059019250869750683e-01
5.059032235145568546e-01
5.059066457748413459e-01
5.059077496528625595e-01
5.059055967330932102e-01
5.059026601314544624e-01
5.059030098915100471e-01
5.059125084877014178e-01
5.059034109115601030e-01
5.059074988365173109e-01
5.059029650688171564e-01
5.059163341522217028e-01
5.059046239852905691e-01
5.059162154197692773e-01
5.059117221832275524e-01
5.059188737869262376e-01
5.059213795661926527e-01
5.058997693061828560e-01
5.059077022075653129e-01
5.059148769378661870e-01
5.059037232398986283e-01
5.059057483673096156e-01
5.059124341011047576e-01
5.059092984199523579e-01
5.059080557823181223e-01
5.059118838310241451e-01
5.059107108116149831e-01
5.059074239730835254e-01
5.059066882133483878e-01
5.059280781745910671e-01
5.059093084335327672e-01
5.059084262847900471e-01
5.059137320518494185e-01
5.059065866470336958e-01
5.059083242416382298e-01
5.059065818786621094e-01
5.059146130084991588e-01
5.059090175628662145e-01
5.059068417549132946e-01
5.059048223495483665e-01
5.059049720764160485e-01
5.059074225425720384e-01
5.059098343849182111e-01
5.059065179824828729e-01
5.059119195938109881e-01
5.059042868614196387e-01
5.059077086448668936e-01
5.059100718498229510e-01
5.059079151153564879e-01
5.059147131443023637e-01
5.059061207771301527e-01
5.059026594161987189e-01
5.059114103317260414e-01
5.059056625366210591e-01
5.059116325378417711e-01
5.059270577430725613e-01
5.059041626453399942e-01
5.059083075523376216e-01
5.059015464782714577e-01
5.059048538208007484e-01
5.059232804775237735e-01
5.059109282493591264e-01
5.059077222347259095e-01
5.059131174087524441e-01
5.059182043075561852e-01
5.059171562194824112e-01
5.059121489524841531e-01
5.059068610668182586e-01
5.059095249176025488e-01
5.059058494567870712e-01
5.059046516418457262e-01
5.059051685333252335e-01
5.059133486747742214e-01
5.059015851020812748e-01
5.059163513183593253e-01
5.059042811393738015e-01
5.059303255081176731e-01
5.059075446128845632e-01
5.059039618968963481e-01
5.059077754020691042e-01
5.059134941101074423e-01
5.059134554862976252e-01
5.059079208374023251e-01
5.059177398681640181e-01
5.059049057960510742e-01
5.059036808013915865e-01
5.059180474281310680e-01
5.059107732772827326e-01
5.059054617881775240e-01
5.059066085815430158e-01
5.059062623977661488e-01
5.059060993194579581e-01
5.059046614170074063e-01
5.059172220230102601e-01
5.059106135368347523e-01
5.059242844581604004e-01
5.059022979736328418e-01
5.059065980911254812e-01
5.059085493087768226e-01
5.059279880523681605e-01
5.059056992530822638e-01
5.059069356918335369e-01
5.059088258743286159e-01
5.059096953868865709e-01
5.059092416763305566e-01
5.059085850715636656e-01
5.059115757942199698e-01
5.059096293449402149e-01
5.059170670509338663e-01
5.059120883941650160e-01
5.059222164154052459e-01
5.059108133316040368e-01
5.059067654609680220e-01
5.059048137664794442e-01
5.059061069488525186e-01
5.059055161476134765e-01
5.059144189357757115e-01
5.059067392349243519e-01
5.059133892059326509e-01
5.059078402519225914e-01
5.059083659648895281e-01
5.059084398746490630e-01
5.059093756675719922e-01
5.059086983203887611e-01
5.059023981094360467e-01
