7.871249999999999636e-01
7.960000000000000409e-01
7.960000000000000409e-01
7.960000000000000409e-01
7.960000000000000409e-01
7.960000000000000409e-01
7.960000000000000409e-01
7.960000000000000409e-01
7.960000000000000409e-01
7.960000000000000409e-01
7.960000000000000409e-01
7.960000000000000409e-01
7.960000000000000409e-01
7.960000000000000409e-01
7.960000000000000409e-01
7.960000000000000409e-01
7.960000000000000409e-01
7.960000000000000409e-01
7.960000000000000409e-01
7.960000000000000409e-01
7.960000000000000409e-01
7.960000000000000409e-01
7.960000000000000409e-01
7.960000000000000409e-01
7.960000000000000409e-01
7.960000000000000409e-01
8.010000000000000453e-01
8.176250000000000462e-01
8.206250000000000488e-01
8.218750000000000222e-01
8.233749999999999680e-01
8.281250000000000000e-01
8.298750000000000293e-01
8.301250000000000018e-01
8.319999999999999618e-01
8.341250000000000053e-01
8.341250000000000053e-01
8.335000000000000187e-01
8.351250000000000062e-01
8.348750000000000338e-01
8.353749999999999787e-01
8.356249999999999512e-01
8.359999999999999654e-01
8.356249999999999512e-01
8.359999999999999654e-01
8.348750000000000338e-01
8.358750000000000346e-01
8.356249999999999512e-01
8.347499999999999920e-01
8.357499999999999929e-01
8.347499999999999920e-01
8.357499999999999929e-01
8.353749999999999787e-01
8.353749999999999787e-01
8.347499999999999920e-01
8.347499999999999920e-01
8.357499999999999929e-01
8.348750000000000338e-01
8.362500000000000488e-01
8.342500000000000471e-01
8.361250000000000071e-01
8.348750000000000338e-01
8.346249999999999503e-01
8.349999999999999645e-01
8.345000000000000195e-01
8.341250000000000053e-01
8.348750000000000338e-01
8.347499999999999920e-01
8.347499999999999920e-01
8.351250000000000062e-01
8.352500000000000480e-01
8.353749999999999787e-01
8.345000000000000195e-01
8.356249999999999512e-01
8.347499999999999920e-01
8.343749999999999778e-01
8.358750000000000346e-01
8.351250000000000062e-01
8.349999999999999645e-01
8.356249999999999512e-01
8.346249999999999503e-01
8.353749999999999787e-01
8.347499999999999920e-01
8.349999999999999645e-01
8.348750000000000338e-01
8.357499999999999929e-01
8.353749999999999787e-01
8.356249999999999512e-01
8.351250000000000062e-01
8.348750000000000338e-01
8.355000000000000204e-01
8.353749999999999787e-01
8.353749999999999787e-01
8.345000000000000195e-01
8.353749999999999787e-01
8.358750000000000346e-01
8.352500000000000480e-01
8.355000000000000204e-01
8.355000000000000204e-01
8.361250000000000071e-01
8.345000000000000195e-01
8.365000000000000213e-01
8.358750000000000346e-01
8.351250000000000062e-01
8.352500000000000480e-01
8.365000000000000213e-01
8.358750000000000346e-01
8.349999999999999645e-01
8.361250000000000071e-01
8.357499999999999929e-01
8.367499999999999938e-01
8.355000000000000204e-01
8.362500000000000488e-01
8.358750000000000346e-01
8.358750000000000346e-01
8.353749999999999787e-01
8.363749999999999796e-01
8.366249999999999520e-01
8.361250000000000071e-01
8.367499999999999938e-01
8.368750000000000355e-01
8.363749999999999796e-01
8.359999999999999654e-01
8.362500000000000488e-01
8.362500000000000488e-01
8.362500000000000488e-01
8.371250000000000080e-01
8.365000000000000213e-01
8.365000000000000213e-01
8.355000000000000204e-01
8.356249999999999512e-01
8.359999999999999654e-01
8.361250000000000071e-01
8.368750000000000355e-01
8.361250000000000071e-01
8.361250000000000071e-01
8.357499999999999929e-01
8.365000000000000213e-01
8.363749999999999796e-01
8.357499999999999929e-01
8.356249999999999512e-01
8.365000000000000213e-01
8.357499999999999929e-01
8.363749999999999796e-01
8.357499999999999929e-01
8.363749999999999796e-01
8.359999999999999654e-01
8.369999999999999662e-01
8.358750000000000346e-01
8.373749999999999805e-01
8.361250000000000071e-01
8.352500000000000480e-01
8.356249999999999512e-01
8.365000000000000213e-01
8.362500000000000488e-01
8.368750000000000355e-01
8.365000000000000213e-01
8.353749999999999787e-01
8.362500000000000488e-01
8.361250000000000071e-01
8.369999999999999662e-01
8.366249999999999520e-01
8.368750000000000355e-01
8.358750000000000346e-01
8.366249999999999520e-01
8.366249999999999520e-01
8.359999999999999654e-01
8.352500000000000480e-01
8.358750000000000346e-01
8.359999999999999654e-01
8.368750000000000355e-01
8.362500000000000488e-01
8.358750000000000346e-01
8.357499999999999929e-01
8.376249999999999529e-01
8.362500000000000488e-01
8.359999999999999654e-01
8.372500000000000497e-01
8.372500000000000497e-01
8.363749999999999796e-01
8.363749999999999796e-01
8.369999999999999662e-01
8.363749999999999796e-01
8.373749999999999805e-01
8.358750000000000346e-01
8.372500000000000497e-01
8.356249999999999512e-01
8.357499999999999929e-01
8.361250000000000071e-01
8.361250000000000071e-01
8.376249999999999529e-01
8.362500000000000488e-01
8.366249999999999520e-01
8.363749999999999796e-01
8.363749999999999796e-01
8.361250000000000071e-01
8.362500000000000488e-01
8.373749999999999805e-01
8.372500000000000497e-01
8.359999999999999654e-01
