7.950000000000000400e-01
7.960000000000000409e-01
7.960000000000000409e-01
7.960000000000000409e-01
7.960000000000000409e-01
7.960000000000000409e-01
7.960000000000000409e-01
7.960000000000000409e-01
7.960000000000000409e-01
7.960000000000000409e-01
7.960000000000000409e-01
7.960000000000000409e-01
7.960000000000000409e-01
7.960000000000000409e-01
7.960000000000000409e-01
7.960000000000000409e-01
7.960000000000000409e-01
7.960000000000000409e-01
7.960000000000000409e-01
7.960000000000000409e-01
7.960000000000000409e-01
7.960000000000000409e-01
8.061249999999999805e-01
8.218750000000000222e-01
8.247499999999999831e-01
8.251249999999999973e-01
8.249999999999999556e-01
8.261249999999999982e-01
8.268750000000000266e-01
8.278750000000000275e-01
8.272500000000000409e-01
8.299999999999999600e-01
8.289999999999999591e-01
8.301250000000000018e-01
8.312500000000000444e-01
8.307499999999999885e-01
8.306249999999999467e-01
8.308750000000000302e-01
8.308750000000000302e-01
8.307499999999999885e-01
8.315000000000000169e-01
8.316249999999999476e-01
8.316249999999999476e-01
8.319999999999999618e-01
8.319999999999999618e-01
8.322500000000000453e-01
8.326249999999999485e-01
8.336249999999999494e-01
8.335000000000000187e-01
8.343749999999999778e-01
8.345000000000000195e-01
8.345000000000000195e-01
8.345000000000000195e-01
8.348750000000000338e-01
8.357499999999999929e-01
8.345000000000000195e-01
8.353749999999999787e-01
8.349999999999999645e-01
8.348750000000000338e-01
8.357499999999999929e-01
8.357499999999999929e-01
8.362500000000000488e-01
8.359999999999999654e-01
8.358750000000000346e-01
8.356249999999999512e-01
8.366249999999999520e-01
8.362500000000000488e-01
8.365000000000000213e-01
8.356249999999999512e-01
8.359999999999999654e-01
8.363749999999999796e-01
8.359999999999999654e-01
8.365000000000000213e-01
8.343749999999999778e-01
8.363749999999999796e-01
8.366249999999999520e-01
8.362500000000000488e-01
8.367499999999999938e-01
8.358750000000000346e-01
8.359999999999999654e-01
8.361250000000000071e-01
8.359999999999999654e-01
8.361250000000000071e-01
8.357499999999999929e-01
8.358750000000000346e-01
8.362500000000000488e-01
8.358750000000000346e-01
8.366249999999999520e-01
8.361250000000000071e-01
8.358750000000000346e-01
8.359999999999999654e-01
8.362500000000000488e-01
8.358750000000000346e-01
8.363749999999999796e-01
8.367499999999999938e-01
8.357499999999999929e-01
8.362500000000000488e-01
8.357499999999999929e-01
8.361250000000000071e-01
8.362500000000000488e-01
8.363749999999999796e-01
8.369999999999999662e-01
8.355000000000000204e-01
8.363749999999999796e-01
8.365000000000000213e-01
8.359999999999999654e-01
8.366249999999999520e-01
8.362500000000000488e-01
8.356249999999999512e-01
8.359999999999999654e-01
8.352500000000000480e-01
8.358750000000000346e-01
8.356249999999999512e-01
8.362500000000000488e-01
8.357499999999999929e-01
8.365000000000000213e-01
8.366249999999999520e-01
8.356249999999999512e-01
8.355000000000000204e-01
8.359999999999999654e-01
8.362500000000000488e-01
8.351250000000000062e-01
8.371250000000000080e-01
8.367499999999999938e-01
8.358750000000000346e-01
8.348750000000000338e-01
8.365000000000000213e-01
8.356249999999999512e-01
8.357499999999999929e-01
8.352500000000000480e-01
8.355000000000000204e-01
8.359999999999999654e-01
8.363749999999999796e-01
8.351250000000000062e-01
8.361250000000000071e-01
8.361250000000000071e-01
8.353749999999999787e-01
8.363749999999999796e-01
8.357499999999999929e-01
8.358750000000000346e-01
8.348750000000000338e-01
8.348750000000000338e-01
8.369999999999999662e-01
8.353749999999999787e-01
8.363749999999999796e-01
8.353749999999999787e-01
8.358750000000000346e-01
8.359999999999999654e-01
8.357499999999999929e-01
8.361250000000000071e-01
8.356249999999999512e-01
8.356249999999999512e-01
8.366249999999999520e-01
8.353749999999999787e-01
8.356249999999999512e-01
8.351250000000000062e-01
8.359999999999999654e-01
8.351250000000000062e-01
8.357499999999999929e-01
8.363749999999999796e-01
8.358750000000000346e-01
8.363749999999999796e-01
8.357499999999999929e-01
8.349999999999999645e-01
8.359999999999999654e-01
8.357499999999999929e-01
8.348750000000000338e-01
8.349999999999999645e-01
8.363749999999999796e-01
8.355000000000000204e-01
8.353749999999999787e-01
8.365000000000000213e-01
8.363749999999999796e-01
8.349999999999999645e-01
8.355000000000000204e-01
8.356249999999999512e-01
8.355000000000000204e-01
8.353749999999999787e-01
8.358750000000000346e-01
8.357499999999999929e-01
8.363749999999999796e-01
8.362500000000000488e-01
8.359999999999999654e-01
8.355000000000000204e-01
8.367499999999999938e-01
8.351250000000000062e-01
8.353749999999999787e-01
8.352500000000000480e-01
8.348750000000000338e-01
8.353749999999999787e-01
8.353749999999999787e-01
8.355000000000000204e-01
8.357499999999999929e-01
8.356249999999999512e-01
8.357499999999999929e-01
8.348750000000000338e-01
8.358750000000000346e-01
8.358750000000000346e-01
8.349999999999999645e-01
8.348750000000000338e-01
