6.825450859069823739e-01
6.461152305603027335e-01
5.377648711204529031e-01
4.555870196819305495e-01
4.462646961212158314e-01
4.408822486400604257e-01
4.369715931415557586e-01
4.340131735801696644e-01
4.318192203044891597e-01
4.301607038974761821e-01
4.285857849121093577e-01
4.270966248512267915e-01
4.258419337272644212e-01
4.245225419998168714e-01
4.232170181274413912e-01
4.220803637504577654e-01
4.210515465736389129e-01
4.200292317867279079e-01
4.193038589954375950e-01
4.188408830165862851e-01
4.181445102691650484e-01
4.177205939292907844e-01
4.171832013130187811e-01
4.167995047569275080e-01
4.163177404403686777e-01
4.160670645236969056e-01
4.158524589538574179e-01
4.151095547676086350e-01
4.148418412208557116e-01
4.145401387214660560e-01
4.140963449478149427e-01
4.137246062755584597e-01
4.136752843856811301e-01
4.133099904060363872e-01
4.132363648414612012e-01
4.126581830978393595e-01
4.125317590236664000e-01
4.122573454380035196e-01
4.120741629600525036e-01
4.115990853309631214e-01
4.115444297790527561e-01
4.110610008239746205e-01
4.111398713588714782e-01
4.107451415061950661e-01
4.108757278919220046e-01
4.105128033161163370e-01
4.102008643150329426e-01
4.100569348335266207e-01
4.097238469123840598e-01
4.096213173866272150e-01
4.093141307830810427e-01
4.090946455001830961e-01
4.089049901962280020e-01
4.087601270675659260e-01
4.084936108589172221e-01
4.088125302791595361e-01
4.081350603103637842e-01
4.080861778259277095e-01
4.077499504089355242e-01
4.077187838554382493e-01
4.074029021263122496e-01
4.071816701889038326e-01
4.069985013008117769e-01
4.071825270652770778e-01
4.068063726425170668e-01
4.063974564075469864e-01
4.065764169692993035e-01
4.061645660400390878e-01
4.060233273506164697e-01
4.057545371055603090e-01
4.060183606147765856e-01
4.054048626422881996e-01
4.052322196960449485e-01
4.059429724216461199e-01
4.052266228199005171e-01
4.050497841835021817e-01
4.047239384651183935e-01
4.048903322219848389e-01
4.045447549819946031e-01
4.044685053825378684e-01
4.042816336154937962e-01
4.043782420158386071e-01
4.042641987800598136e-01
4.041590094566345215e-01
4.038808698654174911e-01
4.036777422428131090e-01
4.037485828399658416e-01
4.036149995326995810e-01
4.034754250049590873e-01
4.033484220504760520e-01
4.032015473842620601e-01
4.031577754020690962e-01
4.034018430709838676e-01
4.029195120334625457e-01
4.027448086738586452e-01
4.026127183437347434e-01
4.024963641166687256e-01
4.030233247280121112e-01
4.025524141788482391e-01
4.023448767662048398e-01
4.022715260982513419e-01
4.025213880538940359e-01
4.023382463455200120e-01
4.023423788547516033e-01
4.024757041931152357e-01
4.022289657592773571e-01
4.018624989986419593e-01
4.019912490844726460e-01
4.021135077476501452e-01
4.018138508796691988e-01
4.023334350585937580e-01
4.018438639640807830e-01
4.015758266448974378e-01
4.016731235980987580e-01
4.015689425468444984e-01
4.015015687942504741e-01
4.016843175888061279e-01
4.015890300273895486e-01
4.014689440727233771e-01
4.016289803981781259e-01
4.012434222698211816e-01
4.011219198703765976e-01
4.012495899200439475e-01
4.013602218627929652e-01
4.008919544219970432e-01
4.009532971382140931e-01
4.011315608024597079e-01
4.011301233768463370e-01
4.010905632972717183e-01
4.009896488189697017e-01
4.009570136070251256e-01
4.007733073234557852e-01
4.008784761428832999e-01
4.010797901153564382e-01
4.006768798828124756e-01
4.010759496688842685e-01
4.012604629993438698e-01
4.005864591598510827e-01
4.006690483093261479e-01
4.005181865692138410e-01
4.005896167755126913e-01
4.005580115318298495e-01
4.006201753616333017e-01
4.005061757564544744e-01
4.004341046810150351e-01
4.006383190155029528e-01
4.003265135288238685e-01
4.009130725860595712e-01
4.007957749366760081e-01
4.002349584102630753e-01
4.003087439537048597e-01
4.000658001899718985e-01
4.003140063285827721e-01
4.004904415607452584e-01
4.001750245094299330e-01
4.001028256416320761e-01
4.002447061538696449e-01
4.004959530830383141e-01
4.001371903419494447e-01
4.003887562751770046e-01
4.003124668598175284e-01
4.000065050125122257e-01
4.000169181823730602e-01
4.002328367233276563e-01
3.999262530803680549e-01
4.004081664085388237e-01
3.997165985107422048e-01
3.998713116645812859e-01
3.999260029792785498e-01
3.999752566814422372e-01
3.996638696193695051e-01
3.999575572013854829e-01
4.000104820728301869e-01
3.998255429267883465e-01
4.000599796772003058e-01
3.995133361816406437e-01
4.001190094947815190e-01
3.998006987571716131e-01
3.997944884300231871e-01
3.999263453483581365e-01
3.999204742908477606e-01
3.995720982551574929e-01
3.997454278469085853e-01
4.000330176353454337e-01
3.993155064582824543e-01
3.996841840744018715e-01
3.996673452854156428e-01
4.001173481941223131e-01
3.993200798034667875e-01
3.998011717796325915e-01
3.998778595924377677e-01
3.997549209594726816e-01
3.996635534763336439e-01
3.997757511138915754e-01
3.995566639900207662e-01
3.995286469459533585e-01
3.995950045585632271e-01
3.995618619918823167e-01
3.995132541656494229e-01
3.995486965179443350e-01
