6.795183420181274414e-01
6.181973152160644691e-01
5.148856124877929652e-01
4.580641152858734300e-01
4.417283926010132089e-01
4.365518083572387797e-01
4.334836177825927561e-01
4.315792264938354550e-01
4.302586030960082741e-01
4.292449967861175497e-01
4.282977752685546702e-01
4.274414145946502930e-01
4.266117217540740802e-01
4.255750393867492876e-01
4.245729832649230984e-01
4.236033365726470934e-01
4.226593074798584149e-01
4.218528928756714036e-01
4.209045553207397261e-01
4.199899489879608261e-01
4.193383867740630988e-01
4.187905251979827659e-01
4.183741712570190341e-01
4.178086228370666566e-01
4.174388523101806858e-01
4.170059082508087434e-01
4.165063674449920872e-01
4.160398032665252877e-01
4.157499606609344478e-01
4.151813678741455016e-01
4.148294305801391579e-01
4.143907432556152570e-01
4.140254294872283691e-01
4.136519484519958767e-01
4.132817358970641841e-01
4.127798359394073691e-01
4.124802594184875382e-01
4.120640511512756454e-01
4.118669223785400568e-01
4.117734265327453458e-01
4.111487936973571844e-01
4.107119350433349747e-01
4.106719980239867951e-01
4.102724671363830455e-01
4.099897830486297634e-01
4.095274915695190643e-01
4.093689718246459885e-01
4.090747694969177339e-01
4.087454342842102295e-01
4.084593157768249272e-01
4.082598147392272891e-01
4.079261336326598930e-01
4.076917672157287509e-01
4.073352627754211475e-01
4.070421526432037584e-01
4.070276751518249747e-01
4.067246837615967059e-01
4.063472571372985787e-01
4.060632698535919238e-01
4.059736018180847283e-01
4.057960858345031618e-01
4.055601520538330007e-01
4.053144373893737828e-01
4.051195130348205775e-01
4.049417285919189591e-01
4.047846155166626159e-01
4.047225937843322852e-01
4.044673938751220943e-01
4.041277565956115647e-01
4.039900903701782453e-01
4.037919416427612207e-01
4.036892528533935764e-01
4.035733430385589626e-01
4.033485703468323025e-01
4.033245735168456969e-01
4.033225255012511945e-01
4.030874860286712824e-01
4.030028600692748819e-01
4.027262578010559202e-01
4.025391747951507782e-01
4.025210149288177552e-01
4.023414287567138592e-01
4.023658437728881987e-01
4.020800242424011350e-01
4.021193664073944296e-01
4.019491693973541446e-01
4.018514633178710826e-01
4.016864666938781969e-01
4.015946159362793200e-01
4.016224045753479244e-01
4.014854919910431086e-01
4.014999933242797692e-01
4.012548289299011084e-01
4.012263369560241655e-01
4.014156036376952952e-01
4.009904046058654914e-01
4.008396377563476776e-01
4.007111589908599614e-01
4.007066049575805922e-01
4.007027049064636470e-01
4.004462308883666721e-01
4.002743210792541473e-01
3.998409500122070415e-01
4.002219281196593981e-01
4.000251488685607759e-01
3.996880705356598007e-01
3.999079873561859344e-01
3.995748639106750377e-01
3.994089584350585809e-01
3.993122634887695255e-01
3.990290422439575213e-01
3.991575086116790905e-01
3.988242776393890465e-01
3.987578368186950883e-01
3.985706772804260001e-01
3.983433895111084255e-01
3.981386275291443066e-01
3.983227994441986275e-01
3.980096321105957013e-01
3.977584474086761634e-01
3.975228126049041855e-01
3.974278945922851691e-01
3.973017907142639138e-01
3.970908470153808323e-01
3.969570550918579133e-01
3.968262789249420441e-01
3.968030738830566340e-01
3.967529454231262243e-01
3.965448620319366180e-01
3.966666851043701425e-01
3.962324171066284317e-01
3.963450827598571924e-01
3.960204532146454071e-01
3.961779882907867645e-01
3.960096552371978884e-01
3.958387732505798118e-01
3.958083862066268943e-01
3.956356139183044296e-01
3.954374945163726673e-01
3.953305168151855509e-01
3.951096153259277544e-01
3.952152476310730189e-01
3.948736486434936688e-01
3.950358104705810613e-01
3.949143381118774276e-01
3.954052448272705189e-01
3.947000918388366975e-01
3.946440753936767409e-01
3.945191183090209774e-01
3.945860357284545761e-01
3.946822774410247980e-01
3.942923014163970952e-01
3.944754564762115723e-01
3.943838324546813934e-01
3.939288220405578467e-01
3.940936031341552570e-01
3.941730546951294212e-01
3.941355664730071817e-01
3.936584758758545077e-01
3.941533021926880154e-01
3.937808210849761958e-01
3.937411758899688752e-01
3.938969817161560028e-01
3.934751725196838357e-01
3.936052794456482151e-01
3.934026451110839706e-01
3.933639385700226088e-01
3.933736014366149836e-01
3.933716197013855109e-01
3.935463545322418488e-01
3.930922288894653227e-01
3.933149590492248660e-01
3.934159359931945765e-01
3.933652973175048584e-01
3.931818170547485281e-01
3.931774220466613956e-01
3.930647716522217006e-01
3.928641524314880340e-01
3.932165169715881592e-01
3.931080987453460795e-01
3.928364059925079088e-01
3.927226262092590181e-01
3.929030058383941593e-01
3.930433115959167667e-01
3.927449083328247159e-01
3.927638714313507196e-01
3.928982682228088219e-01
3.925957388877868715e-01
3.925461659431457306e-01
3.925029950141906698e-01
3.927077643871307311e-01
3.925915746688842800e-01
3.925399255752563543e-01
3.925270478725433332e-01
3.922612953186035423e-01
3.927876877784728937e-01
3.923438971042633172e-01
3.922783434391021729e-01
3.925496435165405362e-01
3.924542131423950364e-01
