6.833201255798340146e-01
6.606649007797241735e-01
6.305265011787414275e-01
5.909705057144164497e-01
5.488347635269165137e-01
5.191810824871063712e-01
5.079442596435547186e-01
5.061285719871521094e-01
5.060070571899414338e-01
5.059730868339538112e-01
5.059899806976317915e-01
5.059384915828705198e-01
5.059697556495666992e-01
5.059537665843963916e-01
5.059787912368773899e-01
5.059213724136352175e-01
5.059192581176757963e-01
5.059612112045288601e-01
5.059686174392700186e-01
5.060040049552917418e-01
5.059415807723999237e-01
5.059459247589110920e-01
5.059571557044982848e-01
5.059739778041839608e-01
5.059279823303222123e-01
5.059751396179199556e-01
5.059598331451415909e-01
5.060272345542907724e-01
5.060485005378723145e-01
5.059339215755462860e-01
5.059568104743957795e-01
5.059415609836578342e-01
5.059689755439757963e-01
5.059797825813293626e-01
5.059360532760620588e-01
5.059581823348998642e-01
5.059573531150818315e-01
5.059420514106750533e-01
5.059489016532897621e-01
5.059811906814575266e-01
5.059323382377624023e-01
5.059885697364807644e-01
5.059273409843444425e-01
5.059440836906433647e-01
5.059576025009154820e-01
5.060111098289489240e-01
5.059764978885650244e-01
5.059851138591766606e-01
5.060509018898010636e-01
5.059169869422912580e-01
5.059404187202453107e-01
5.059323151111603245e-01
5.059499235153198660e-01
5.059721703529358461e-01
5.059574546813965235e-01
5.059645786285400515e-01
5.059933896064758851e-01
5.060224385261535840e-01
5.059482960700988352e-01
5.059467315673827903e-01
5.059797949790955096e-01
5.060190000534057209e-01
5.059731028079986759e-01
5.059952187538147017e-01
5.059272661209106570e-01
5.060208544731140679e-01
5.059996919631958301e-01
5.059542329311370601e-01
5.059641499519348384e-01
5.059643073081969700e-01
5.060473654270172261e-01
5.059726147651671946e-01
5.060982971191406721e-01
5.059642691612243892e-01
5.059872541427612447e-01
5.059667034149170073e-01
5.059473142623901465e-01
5.059674043655395526e-01
5.059886784553527805e-01
5.059289073944092108e-01
5.059133644104003569e-01
5.059533224105835503e-01
5.059690682888030588e-01
5.059766955375671893e-01
5.059792103767395410e-01
5.059619121551514054e-01
5.059401283264159943e-01
5.059301543235779075e-01
5.059988503456115394e-01
5.059734139442443324e-01
5.059569969177245552e-01
5.060196299552917054e-01
5.059656481742859091e-01
5.059473528861999636e-01
5.059748373031616175e-01
5.059614818096160871e-01
5.059443449974060369e-01
5.060599670410156348e-01
5.059826688766480007e-01
5.059115447998047133e-01
5.059546489715576190e-01
5.059612827301025462e-01
5.059612216949462837e-01
5.059229807853699024e-01
5.059623074531555131e-01
5.059650712013245011e-01
5.059539074897766442e-01
5.059530124664306516e-01
5.059520955085754501e-01
5.059323716163635076e-01
5.059734230041503800e-01
5.060126304626464400e-01
5.059461250305176128e-01
5.059720797538757031e-01
5.059520285129547323e-01
5.059673566818236878e-01
5.059687848091125595e-01
5.060021018981933905e-01
5.059661812782287882e-01
5.059185795783996964e-01
5.059525446891784961e-01
5.059920158386230771e-01
5.059432210922241158e-01
5.059598131179809943e-01
5.059479260444641469e-01
5.059471104145050191e-01
5.059719436168670370e-01
5.059400014877318830e-01
5.059501323699950870e-01
5.060245327949524086e-01
5.059807586669922141e-01
5.059412245750427584e-01
5.059939985275268004e-01
5.060675358772277477e-01
5.059675154685974174e-01
5.059425580501556441e-01
5.059350600242614737e-01
5.059665741920471582e-01
5.059297351837158674e-01
5.059430632591247479e-01
5.059910626411437962e-01
5.059907827377319034e-01
5.060488672256470144e-01
5.059478321075439045e-01
5.059352266788482710e-01
5.060092177391052326e-01
5.059789743423461772e-01
5.060401782989502051e-01
5.059730322360992405e-01
5.059464635848999192e-01
5.059918138980865621e-01
5.059840698242187296e-01
5.059433171749114777e-01
5.059672579765319700e-01
5.059652862548827956e-01
5.060396585464477237e-01
5.059790964126587021e-01
5.059316720962524494e-01
5.059872345924377735e-01
5.060216870307921999e-01
5.059925565719604057e-01
5.059447665214538148e-01
5.059886188507080051e-01
5.060124402046203285e-01
5.059997766017914067e-01
5.059594039916992525e-01
5.059301614761352317e-01
5.059602866172790980e-01
5.059932174682617578e-01
5.059747483730315798e-01
5.059887259006500271e-01
5.060212969779968040e-01
5.059687561988830407e-01
5.059596951007843124e-01
5.059849624633788734e-01
5.059861335754394229e-01
5.059490571022033922e-01
5.059560689926146937e-01
5.059835252761840652e-01
5.059543762207031614e-01
5.059487848281860600e-01
5.059299368858337642e-01
5.059617028236389480e-01
5.059614706039429199e-01
5.059283251762389799e-01
5.059364883899688525e-01
5.059878926277160405e-01
5.059313216209411213e-01
5.059616978168487433e-01
5.059466300010680984e-01
5.060475239753723375e-01
5.059761455059051949e-01
5.060408020019531161e-01
5.059590926170348668e-01
5.060018944740295455e-01
5.059799451828003169e-01
5.059664163589477903e-01
5.060879855155945295e-01
5.060055999755859180e-01
5.059763414859771435e-01
