7.876250000000000195e-01
7.960000000000000409e-01
7.960000000000000409e-01
7.960000000000000409e-01
7.960000000000000409e-01
7.960000000000000409e-01
7.960000000000000409e-01
7.960000000000000409e-01
7.960000000000000409e-01
7.960000000000000409e-01
7.960000000000000409e-01
7.960000000000000409e-01
7.960000000000000409e-01
7.960000000000000409e-01
7.960000000000000409e-01
7.960000000000000409e-01
7.960000000000000409e-01
7.960000000000000409e-01
7.960000000000000409e-01
7.960000000000000409e-01
7.960000000000000409e-01
7.960000000000000409e-01
7.960000000000000409e-01
7.960000000000000409e-01
7.960000000000000409e-01
7.960000000000000409e-01
7.960000000000000409e-01
7.960000000000000409e-01
7.960000000000000409e-01
8.067499999999999671e-01
8.202500000000000346e-01
8.207499999999999796e-01
8.208750000000000213e-01
8.215000000000000080e-01
8.222500000000000364e-01
8.223749999999999671e-01
8.237499999999999822e-01
8.233749999999999680e-01
8.248750000000000249e-01
8.242500000000000382e-01
8.249999999999999556e-01
8.266250000000000542e-01
8.276250000000000551e-01
8.277499999999999858e-01
8.282500000000000417e-01
8.289999999999999591e-01
8.289999999999999591e-01
8.292500000000000426e-01
8.299999999999999600e-01
8.309999999999999609e-01
8.303749999999999742e-01
8.308750000000000302e-01
8.315000000000000169e-01
8.311250000000000027e-01
8.303749999999999742e-01
8.315000000000000169e-01
8.318750000000000311e-01
8.319999999999999618e-01
8.313749999999999751e-01
8.323749999999999760e-01
8.323749999999999760e-01
8.326249999999999485e-01
8.328750000000000320e-01
8.319999999999999618e-01
8.336249999999999494e-01
8.333749999999999769e-01
8.331250000000000044e-01
8.337499999999999911e-01
8.339999999999999636e-01
8.335000000000000187e-01
8.347499999999999920e-01
8.343749999999999778e-01
8.356249999999999512e-01
8.345000000000000195e-01
8.351250000000000062e-01
8.361250000000000071e-01
8.351250000000000062e-01
8.351250000000000062e-01
8.359999999999999654e-01
8.348750000000000338e-01
8.357499999999999929e-01
8.351250000000000062e-01
8.371250000000000080e-01
8.362500000000000488e-01
8.357499999999999929e-01
8.353749999999999787e-01
8.359999999999999654e-01
8.359999999999999654e-01
8.357499999999999929e-01
8.361250000000000071e-01
8.361250000000000071e-01
8.352500000000000480e-01
8.362500000000000488e-01
8.359999999999999654e-01
8.362500000000000488e-01
8.351250000000000062e-01
8.353749999999999787e-01
8.358750000000000346e-01
8.366249999999999520e-01
8.351250000000000062e-01
8.356249999999999512e-01
8.352500000000000480e-01
8.357499999999999929e-01
8.356249999999999512e-01
8.361250000000000071e-01
8.357499999999999929e-01
8.343749999999999778e-01
8.357499999999999929e-01
8.356249999999999512e-01
8.362500000000000488e-01
8.361250000000000071e-01
8.353749999999999787e-01
8.353749999999999787e-01
8.357499999999999929e-01
8.356249999999999512e-01
8.356249999999999512e-01
8.351250000000000062e-01
8.355000000000000204e-01
8.361250000000000071e-01
8.349999999999999645e-01
8.351250000000000062e-01
8.357499999999999929e-01
8.357499999999999929e-01
8.355000000000000204e-01
8.342500000000000471e-01
8.349999999999999645e-01
8.353749999999999787e-01
8.353749999999999787e-01
8.335000000000000187e-01
8.343749999999999778e-01
8.338750000000000329e-01
8.349999999999999645e-01
8.348750000000000338e-01
8.351250000000000062e-01
8.338750000000000329e-01
8.351250000000000062e-01
8.343749999999999778e-01
8.347499999999999920e-01
8.351250000000000062e-01
8.335000000000000187e-01
8.347499999999999920e-01
8.357499999999999929e-01
8.345000000000000195e-01
8.343749999999999778e-01
8.339999999999999636e-01
8.339999999999999636e-01
8.351250000000000062e-01
8.341250000000000053e-01
8.351250000000000062e-01
8.338750000000000329e-01
8.349999999999999645e-01
8.338750000000000329e-01
8.348750000000000338e-01
8.337499999999999911e-01
8.356249999999999512e-01
8.349999999999999645e-01
8.348750000000000338e-01
8.342500000000000471e-01
8.358750000000000346e-01
8.355000000000000204e-01
8.343749999999999778e-01
8.351250000000000062e-01
8.346249999999999503e-01
8.339999999999999636e-01
8.343749999999999778e-01
8.359999999999999654e-01
8.349999999999999645e-01
8.353749999999999787e-01
8.359999999999999654e-01
8.356249999999999512e-01
8.353749999999999787e-01
8.352500000000000480e-01
8.356249999999999512e-01
8.355000000000000204e-01
8.341250000000000053e-01
8.351250000000000062e-01
8.353749999999999787e-01
8.358750000000000346e-01
8.353749999999999787e-01
8.355000000000000204e-01
8.345000000000000195e-01
8.357499999999999929e-01
8.355000000000000204e-01
8.357499999999999929e-01
8.351250000000000062e-01
8.343749999999999778e-01
8.346249999999999503e-01
8.345000000000000195e-01
8.359999999999999654e-01
8.352500000000000480e-01
8.353749999999999787e-01
8.353749999999999787e-01
8.361250000000000071e-01
8.348750000000000338e-01
8.346249999999999503e-01
8.349999999999999645e-01
8.357499999999999929e-01
8.348750000000000338e-01
8.349999999999999645e-01
8.348750000000000338e-01
