6.834085474014282013e-01
6.578866209983825764e-01
6.098225898742676288e-01
5.287020483016967587e-01
5.061967639923096174e-01
5.060772891044617028e-01
5.059501261711120135e-01
5.060176899433136422e-01
5.060062890052795526e-01
5.060009303092956046e-01
5.060880179405212731e-01
5.060285367965697834e-01
5.059828257560730069e-01
5.060333638191223393e-01
5.060864148139954111e-01
5.060957925319671258e-01
5.059584822654724645e-01
5.060159192085266211e-01
5.060438289642333887e-01
5.060329332351684029e-01
5.060306396484375302e-01
5.060952858924865350e-01
5.060193426609039813e-01
5.060680119991302073e-01
5.061083402633667072e-01
5.060050611495972017e-01
5.060333862304687846e-01
5.060127730369567978e-01
5.061628997325897661e-01
5.059666090011596395e-01
5.060153274536133283e-01
5.061887106895446298e-01
5.060177049636840341e-01
5.059853072166442534e-01
5.060884370803833132e-01
5.060732927322387775e-01
5.059411940574646271e-01
5.061473228931426815e-01
5.060271301269531063e-01
5.061352634429931996e-01
5.060804364681243950e-01
5.060098853111266726e-01
5.060127029418944877e-01
5.060924372673034632e-01
5.060802006721496493e-01
5.060052590370178738e-01
5.062199406623840714e-01
5.059562358856201092e-01
5.059903171062469784e-01
5.060272824764251443e-01
5.059575407505035871e-01
5.060350432395934739e-01
5.059844694137572985e-01
5.060558431148528546e-01
5.059833579063415243e-01
5.059951019287108887e-01
5.060302929878235378e-01
5.060301465988159553e-01
5.060677890777587340e-01
5.059850034713745393e-01
5.060236711502075213e-01
5.060710382461547363e-01
5.059223380088806454e-01
5.060113103389739519e-01
5.060113258361816913e-01
5.060693535804748899e-01
5.060232715606689524e-01
5.059842236042022545e-01
5.059918460845946875e-01
5.060414061546325559e-01
5.059731731414794931e-01
5.059764299392700559e-01
5.061156437397003049e-01
5.059837410449982142e-01
5.060130324363708576e-01
5.059922327995299840e-01
5.060011079311370619e-01
5.061722226142882919e-01
5.060950536727905069e-01
5.059964389801024920e-01
5.058940129280090625e-01
5.059730114936829004e-01
5.060955662727355531e-01
5.060909581184387385e-01
5.060351510047912393e-01
5.060413649082183829e-01
5.060579690933227903e-01
5.060638747215271405e-01
5.060105466842651500e-01
5.060593404769897496e-01
5.060741431713103866e-01
5.060185909271239790e-01
5.059574117660522452e-01
5.060501317977905700e-01
5.059576387405395614e-01
5.059924874305724574e-01
5.060387492179870828e-01
5.060154955387115017e-01
5.060873494148254714e-01
5.060092911720276421e-01
5.060119230747223140e-01
5.059306235313415501e-01
5.061450834274292543e-01
5.059991164207457981e-01
5.060141048431396893e-01
5.059464859962463645e-01
5.061683838367462274e-01
5.060205063819884774e-01
5.059893052577972838e-01
5.061209931373595872e-01
5.061392617225647372e-01
5.060977067947387553e-01
5.060737295150756765e-01
5.059932494163512651e-01
5.059542136192322070e-01
5.059839479923248229e-01
5.060093040466309144e-01
5.060230870246886781e-01
5.060198593139648704e-01
5.059728002548218306e-01
5.059838514328003356e-01
5.062262992858886923e-01
5.061199245452880913e-01
5.060508317947387535e-01
5.061521897315979235e-01
5.059779138565063672e-01
5.062361650466918883e-01
5.060529284477234269e-01
5.059408121109009171e-01
5.061302852630614746e-01
5.059739346504211754e-01
5.060416045188903533e-01
5.059778223037719735e-01
5.060263905525207440e-01
5.059844841957091832e-01
5.060506720542907733e-01
5.059349412918090483e-01
5.059995608329772576e-01
5.062851276397705158e-01
5.060355021953583110e-01
5.060847549438476367e-01
5.060153312683105531e-01
5.061224746704101607e-01
5.060629320144652832e-01
5.059381856918334641e-01
5.060121891498565727e-01
5.060174751281738548e-01
5.059623470306396920e-01
5.060361154079436874e-01
5.059690074920654146e-01
5.060760588645935032e-01
5.059735603332519149e-01
5.060614213943481765e-01
5.060221176147461364e-01
5.060391597747803116e-01
5.062613549232483079e-01
5.061064548492432147e-01
5.060222210884094407e-01
5.063829727172851625e-01
5.060292787551879945e-01
5.059879426956176429e-01
5.061012363433837757e-01
5.061189317703247426e-01
5.059267044067382590e-01
5.060029559135437172e-01
5.060344381332397834e-01
5.060199117660522106e-01
5.060186657905578755e-01
5.060383734703064462e-01
5.061865043640136896e-01
5.060309081077575266e-01
5.059776792526244904e-01
5.059691014289855460e-01
5.059551477432251421e-01
5.059534540176391371e-01
5.061321818828582453e-01
5.060287270545958949e-01
5.060784182548523358e-01
5.059604053497314124e-01
5.060689477920532475e-01
5.060079951286315936e-01
5.060222320556641007e-01
5.060131571292877384e-01
5.059823026657104261e-01
5.060437335968017702e-01
5.060426468849181791e-01
5.059798512458800746e-01
5.059606022834778338e-01
5.061391134262085423e-01
5.060155208110809211e-01
5.060624868869781912e-01
5.059738321304321218e-01
5.060339484214783079e-01
5.060710201263427521e-01
5.062356166839599991e-01
5.060074744224548615e-01
5.061304774284363095e-01
5.060067582130431951e-01
5.060203480720519842e-01
5.060137243270873553e-01
