6.859867358207702992e-01
6.720963943004608643e-01
6.591031885147095037e-01
6.469302213191986395e-01
6.355822598934173229e-01
6.249929070472717285e-01
6.151366651058196577e-01
6.059487378597259166e-01
5.974455213546753241e-01
5.895412516593933061e-01
5.822044610977172852e-01
5.754490303993224920e-01
5.691820871829986750e-01
5.633979010581969815e-01
5.580830407142639560e-01
5.531683588027953569e-01
5.486873853206634122e-01
5.445266228914260598e-01
5.407487779855728594e-01
5.372787028551101463e-01
5.341164433956145929e-01
5.312307989597320201e-01
5.285937654972076016e-01
5.262074494361876908e-01
5.240584993362427113e-01
5.220574438571929932e-01
5.202875512838364136e-01
5.186891376972198042e-01
5.172192037105560747e-01
5.159268796443938765e-01
5.147765105962753829e-01
5.137081778049469305e-01
5.127792769670486139e-01
5.119545811414718539e-01
5.112050920724868774e-01
5.105539464950561435e-01
5.099820852279662864e-01
5.094521081447601629e-01
5.090080285072327015e-01
5.086118984222411932e-01
5.082706910371780351e-01
5.079595190286636530e-01
5.077033543586730868e-01
5.074751317501068337e-01
5.072739487886428478e-01
5.071050840616225797e-01
5.069582062959671065e-01
5.068390214443206920e-01
5.067234593629836858e-01
5.066358530521393178e-01
5.065666103363036799e-01
5.064948701858520419e-01
5.064430969953537254e-01
5.063993775844574108e-01
5.063618868589401245e-01
5.063346385955810325e-01
5.063028675317764460e-01
5.062872284650802301e-01
5.062668681144714133e-01
5.062533080577850120e-01
5.062471497058868009e-01
5.062337380647659035e-01
5.062292093038558427e-01
5.062345045804977905e-01
5.062142479419707852e-01
5.062124365568161366e-01
5.062158399820327892e-01
5.062156957387924372e-01
5.062058460712433039e-01
5.062013161182403742e-01
5.062083107233047441e-01
5.062061232328415317e-01
5.062019574642181441e-01
5.062026917934417947e-01
5.062078493833541692e-01
5.062135386466980469e-01
5.062013459205627619e-01
5.061995351314544367e-01
5.061997574567794755e-01
5.062020140886306363e-01
5.062093991041183294e-01
5.062154066562652988e-01
5.061967593431472290e-01
5.062157702445984064e-01
5.062004458904266757e-01
5.062042158842087192e-01
5.062020134925842019e-01
5.062086576223373546e-01
5.062048697471618341e-01
5.062037497758865578e-01
5.062010967731476185e-01
5.062030959129333318e-01
5.062015444040298684e-01
5.061995851993560391e-01
5.062050348520279464e-01
5.062087255716324341e-01
5.062012153863907349e-01
5.062011212110519853e-01
5.062122207880019875e-01
5.062089020013809115e-01
5.062023746967315718e-01
5.062071681022644043e-01
5.062005817890167236e-01
5.062026959657669467e-01
5.062074726819991710e-01
5.062016129493713823e-01
5.062000077962874878e-01
5.062082570791244240e-01
5.062160980701446711e-01
5.062089711427688599e-01
5.062054377794266147e-01
5.062040323019028065e-01
5.062029480934142622e-01
5.062094229459762618e-01
5.062015056610107422e-01
5.062110841274261031e-01
5.062071377038955822e-01
5.062054514884948286e-01
5.062025916576385898e-01
5.062092566490172807e-01
5.061986887454986705e-01
5.062015837430954290e-01
5.062060898542404264e-01
5.062087202072143022e-01
5.062079286575317250e-01
5.062194496393204179e-01
5.062191236019134566e-01
5.061990833282470348e-01
5.062031126022339400e-01
5.062084180116653842e-01
5.062045532464981568e-01
5.062140846252440873e-01
5.062034255266190108e-01
5.062043535709380704e-01
5.062038040161133123e-01
5.062031745910644531e-01
5.062145555019378351e-01
5.062032467126846846e-01
5.062107372283936035e-01
5.062148290872573453e-01
5.062003755569457475e-01
5.062008941173553600e-01
5.061989802122116577e-01
5.062073069810867354e-01
5.062041383981704668e-01
5.061989277601242065e-01
5.062056499719619351e-01
5.061998778581618952e-01
5.062137180566788075e-01
5.061993944644928023e-01
5.062050080299377308e-01
5.062080591917037520e-01
5.061980575323105080e-01
5.062150114774703891e-01
5.062128031253814164e-01
5.062044888734817949e-01
5.062120103836059704e-01
5.062058317661285445e-01
5.062123465538025391e-01
5.062186425924301014e-01
5.062049514055252386e-01
5.062019854784012285e-01
5.062099522352219161e-01
5.062034040689468162e-01
5.062173616886138650e-01
5.062314462661743342e-01
5.062151217460632013e-01
5.062044250965118675e-01
5.062086796760558727e-01
5.062116527557373180e-01
5.062013709545135631e-01
5.062197124958038863e-01
5.062443202733993841e-01
5.062177288532256902e-01
5.062052720785140680e-01
5.062111693620682251e-01
5.062140017747879250e-01
5.062009406089782448e-01
5.061993736028671531e-01
5.062160420417786133e-01
5.061996865272522239e-01
5.062196624279021728e-01
5.062050992250441972e-01
5.062028825283050315e-01
5.062034767866134821e-01
5.062105065584182606e-01
5.062028306722641258e-01
5.062122923135757846e-01
5.062022686004639116e-01
5.062006658315658658e-01
5.062096416950225830e-01
5.062014925479888516e-01
5.062044447660446478e-01
5.062100571393967074e-01
5.062003779411315962e-01
5.061982578039169178e-01
5.062028586864470991e-01
5.062069207429885642e-01
5.062018048763274880e-01
5.062017256021499323e-01
