6.844598560333251536e-01
6.670656919479369673e-01
6.510982937812804794e-01
6.365001840591431037e-01
6.232270994186401847e-01
6.110280885696410813e-01
5.999059104919433061e-01
5.897854204177856996e-01
5.805996284484863379e-01
5.722899508476256836e-01
5.647433824539184188e-01
5.579519252777099814e-01
5.518196840286254679e-01
5.463140919208526736e-01
5.413746988773345814e-01
5.369409594535827779e-01
5.330024235248566056e-01
5.294923148155212811e-01
5.263884301185608461e-01
5.236303310394286870e-01
5.211790509223938050e-01
5.190511531829834491e-01
5.171678853034973322e-01
5.155376911163329634e-01
5.141088418960571005e-01
5.128613700866698766e-01
5.117873744964599458e-01
5.108420062065124334e-01
5.100373201370239640e-01
5.093386635780334792e-01
5.087624278068542116e-01
5.082614121437072363e-01
5.078463487625122230e-01
5.074940853118896644e-01
5.071985290050506912e-01
5.069414741992950280e-01
5.067440309524535724e-01
5.065716559886932480e-01
5.064294433593750089e-01
5.063205957412719727e-01
5.062341532707214098e-01
5.061600074768066726e-01
5.061018257141113308e-01
5.060621588230133083e-01
5.060198888778686399e-01
5.059982247352600160e-01
5.059749128818511466e-01
5.059523961544036830e-01
5.059401102066040101e-01
5.059253382682800115e-01
5.059203348159789781e-01
5.059169592857361009e-01
5.059182600975036248e-01
5.059138894081115501e-01
5.059079313278198597e-01
5.059048371315002512e-01
5.059123654365539347e-01
5.059076461791992552e-01
5.059058127403259775e-01
5.059076433181762811e-01
5.059045820236206525e-01
5.059070720672607102e-01
5.059060344696044709e-01
5.059043807983398811e-01
5.059041547775268155e-01
5.059001340866088325e-01
5.059060974121093457e-01
5.059105606079101758e-01
5.059087247848510493e-01
5.059067034721373979e-01
5.059069709777832546e-01
5.059052231311798042e-01
5.059118785858154332e-01
5.059070115089416841e-01
5.059097411632538233e-01
5.059049544334411896e-01
5.059094548225402388e-01
5.059157114028930424e-01
5.059060463905334926e-01
5.059095854759216859e-01
5.059332194328307608e-01
5.059076385498046946e-01
5.059134860038757564e-01
5.059133710861205557e-01
5.059038753509521591e-01
5.059044289588928711e-01
5.059093046188354315e-01
5.059088211059570295e-01
5.059297702312469669e-01
5.059132285118103090e-01
5.059074311256408496e-01
5.059071111679077637e-01
5.059110579490662118e-01
5.059073486328125036e-01
5.059129996299743803e-01
5.059020934104919709e-01
5.059126853942871316e-01
5.059043226242065927e-01
5.059040246009827158e-01
5.059125690460205549e-01
5.059078030586242614e-01
5.059083948135375541e-01
5.059052901268005220e-01
5.059123196601867933e-01
5.059039170742034575e-01
5.059050464630127086e-01
5.059129147529601855e-01
5.059091119766235822e-01
5.059051737785339453e-01
5.059034299850463379e-01
5.059039278030394993e-01
5.059024672508239950e-01
5.059095461368561253e-01
5.059050178527831898e-01
5.059079818725585875e-01
5.059113702774047372e-01
5.059182109832763841e-01
5.059033689498901865e-01
5.059047400951385276e-01
5.059098277091980123e-01
5.059061937332153258e-01
5.059041318893432448e-01
5.059105544090271023e-01
5.059028892517090092e-01
5.059056286811828285e-01
5.059241681098938237e-01
5.059051694869994842e-01
5.059061527252197710e-01
5.059085493087768226e-01
5.059041020870208571e-01
5.059019074440002095e-01
5.059176282882690279e-01
5.059059438705444389e-01
5.059120306968688530e-01
5.059173274040221768e-01
5.059138617515563929e-01
5.059126133918762092e-01
5.059121131896973100e-01
5.059128460884094736e-01
5.059159216880798615e-01
5.059252371788024449e-01
5.059078543186187327e-01
5.059090104103088903e-01
5.059169259071349956e-01
5.059098489284515887e-01
5.059070973396301296e-01
5.059080042839050328e-01
5.059022297859191442e-01
5.059052171707153489e-01
5.059100666046142392e-01
5.059150023460388113e-01
5.059157557487488077e-01
5.059099447727203325e-01
5.059149553775786901e-01
5.059014177322387340e-01
5.059176964759826145e-01
5.059066781997680895e-01
5.059047336578369469e-01
5.059060511589050790e-01
5.059111437797546573e-01
5.059452040195464573e-01
5.059164738655090865e-01
5.059018666744232728e-01
5.059053859710693768e-01
5.059176230430603161e-01
5.059054503440857387e-01
5.059046499729156210e-01
5.059101395606994123e-01
5.059142637252808106e-01
5.059161081314086372e-01
5.059056401252746138e-01
5.059148559570312287e-01
5.059060912132262722e-01
5.059085292816162260e-01
5.059064245223998668e-01
5.059063739776611390e-01
5.059077301025390883e-01
5.059075107574463326e-01
5.059031600952148544e-01
5.059050874710082635e-01
5.059029059410095064e-01
5.059210009574890421e-01
5.059155304431914857e-01
5.059085617065429696e-01
5.059099311828613166e-01
5.059068851470946981e-01
5.059039864540100240e-01
5.059021019935607821e-01
5.059388470649719416e-01
5.059065771102905229e-01
5.059002165794372896e-01
5.059047446250916069e-01
5.059121909141540696e-01
5.059058105945587469e-01
5.059161796569824343e-01
5.059083213806152557e-01
5.059098033905029546e-01
5.059014949798583682e-01
5.059107661247252974e-01
5.059079880714416610e-01
