7.884999999999999787e-01
7.960000000000000409e-01
7.960000000000000409e-01
7.960000000000000409e-01
7.960000000000000409e-01
7.960000000000000409e-01
7.960000000000000409e-01
7.960000000000000409e-01
7.960000000000000409e-01
7.960000000000000409e-01
7.960000000000000409e-01
7.960000000000000409e-01
7.960000000000000409e-01
7.960000000000000409e-01
7.960000000000000409e-01
7.960000000000000409e-01
8.030000000000000471e-01
8.279999999999999583e-01
8.285000000000000142e-01
8.293749999999999734e-01
8.301250000000000018e-01
8.305000000000000160e-01
8.321250000000000036e-01
8.316249999999999476e-01
8.328750000000000320e-01
8.337499999999999911e-01
8.342500000000000471e-01
8.339999999999999636e-01
8.338750000000000329e-01
8.341250000000000053e-01
8.349999999999999645e-01
8.358750000000000346e-01
8.356249999999999512e-01
8.366249999999999520e-01
8.356249999999999512e-01
8.361250000000000071e-01
8.358750000000000346e-01
8.361250000000000071e-01
8.367499999999999938e-01
8.353749999999999787e-01
8.355000000000000204e-01
8.363749999999999796e-01
8.358750000000000346e-01
8.352500000000000480e-01
8.355000000000000204e-01
8.345000000000000195e-01
8.371250000000000080e-01
8.353749999999999787e-01
8.361250000000000071e-01
8.361250000000000071e-01
8.358750000000000346e-01
8.369999999999999662e-01
8.366249999999999520e-01
8.366249999999999520e-01
8.366249999999999520e-01
8.355000000000000204e-01
8.367499999999999938e-01
8.368750000000000355e-01
8.358750000000000346e-01
8.372500000000000497e-01
8.357499999999999929e-01
8.355000000000000204e-01
8.346249999999999503e-01
8.348750000000000338e-01
8.365000000000000213e-01
8.353749999999999787e-01
8.362500000000000488e-01
8.349999999999999645e-01
8.366249999999999520e-01
8.365000000000000213e-01
8.368750000000000355e-01
8.359999999999999654e-01
8.356249999999999512e-01
8.358750000000000346e-01
8.363749999999999796e-01
8.361250000000000071e-01
8.362500000000000488e-01
8.366249999999999520e-01
8.356249999999999512e-01
8.371250000000000080e-01
8.363749999999999796e-01
8.346249999999999503e-01
8.353749999999999787e-01
8.372500000000000497e-01
8.359999999999999654e-01
8.372500000000000497e-01
8.357499999999999929e-01
8.376249999999999529e-01
8.382500000000000506e-01
8.383749999999999813e-01
8.367499999999999938e-01
8.385000000000000231e-01
8.369999999999999662e-01
8.382500000000000506e-01
8.381250000000000089e-01
8.368750000000000355e-01
8.379999999999999671e-01
8.378750000000000364e-01
8.382500000000000506e-01
8.392500000000000515e-01
8.393749999999999822e-01
8.393749999999999822e-01
8.415000000000000258e-01
8.399999999999999689e-01
8.407499999999999973e-01
8.418750000000000400e-01
8.425000000000000266e-01
8.425000000000000266e-01
8.425000000000000266e-01
8.426249999999999574e-01
8.485000000000000320e-01
8.473749999999999893e-01
8.477500000000000036e-01
8.512499999999999512e-01
8.519999999999999796e-01
8.539999999999999813e-01
8.536249999999999671e-01
8.548750000000000515e-01
8.548750000000000515e-01
8.559999999999999831e-01
8.575000000000000400e-01
8.583749999999999991e-01
8.573749999999999982e-01
8.586249999999999716e-01
8.586249999999999716e-01
8.562499999999999556e-01
8.592499999999999583e-01
8.569999999999999840e-01
8.581250000000000266e-01
8.583749999999999991e-01
8.598749999999999449e-01
8.597500000000000142e-01
8.606249999999999734e-01
8.576249999999999707e-01
8.583749999999999991e-01
8.603750000000000009e-01
8.602499999999999591e-01
8.589999999999999858e-01
8.608749999999999458e-01
8.595000000000000417e-01
8.597500000000000142e-01
8.615000000000000435e-01
8.615000000000000435e-01
8.608749999999999458e-01
8.627500000000000169e-01
8.619999999999999885e-01
8.608749999999999458e-01
8.599999999999999867e-01
8.635000000000000453e-01
8.616249999999999742e-01
8.623750000000000027e-01
8.618749999999999467e-01
8.618749999999999467e-01
8.615000000000000435e-01
8.623750000000000027e-01
8.603750000000000009e-01
8.625000000000000444e-01
8.621250000000000302e-01
8.635000000000000453e-01
8.615000000000000435e-01
8.631250000000000311e-01
8.622499999999999609e-01
8.618749999999999467e-01
8.625000000000000444e-01
8.617500000000000160e-01
8.615000000000000435e-01
8.622499999999999609e-01
8.642499999999999627e-01
8.636249999999999760e-01
8.633750000000000036e-01
8.602499999999999591e-01
8.626249999999999751e-01
8.628749999999999476e-01
8.618749999999999467e-01
8.636249999999999760e-01
8.639999999999999902e-01
8.615000000000000435e-01
8.629999999999999893e-01
8.641250000000000320e-01
8.619999999999999885e-01
8.619999999999999885e-01
8.658749999999999503e-01
8.612499999999999600e-01
8.629999999999999893e-01
8.617500000000000160e-01
8.626249999999999751e-01
8.635000000000000453e-01
8.629999999999999893e-01
8.638749999999999485e-01
8.612499999999999600e-01
8.631250000000000311e-01
8.635000000000000453e-01
8.615000000000000435e-01
8.638749999999999485e-01
8.643750000000000044e-01
8.608749999999999458e-01
8.631250000000000311e-01
8.612499999999999600e-01
8.633750000000000036e-01
8.616249999999999742e-01
