6.828564758300781357e-01
6.571158380508422825e-01
6.256696281433105078e-01
5.926203942298888805e-01
5.630090603828430407e-01
5.398920040130614773e-01
5.241276054382324467e-01
5.147906165122986266e-01
5.097715859413146644e-01
5.074519143104553320e-01
5.064659163951873433e-01
5.061206903457641237e-01
5.059723153114318306e-01
5.059241027832031001e-01
5.059410562515258558e-01
5.059121565818787136e-01
5.059149708747864294e-01
5.059329075813293608e-01
5.059083580970764604e-01
5.059273564815520707e-01
5.059115500450134251e-01
5.059502599239349419e-01
5.059360673427582000e-01
5.059663920402527326e-01
5.059391050338745144e-01
5.059247219562530429e-01
5.059846162796020064e-01
5.059497637748717747e-01
5.059416851997375897e-01
5.059213442802429350e-01
5.059305233955383452e-01
5.059190807342529572e-01
5.059155774116516069e-01
5.059352536201476847e-01
5.059384427070617862e-01
5.059305157661437846e-01
5.059192457199096493e-01
5.059481782913207715e-01
5.059507093429564950e-01
5.059380631446838139e-01
5.059921474456786639e-01
5.059475822448730176e-01
5.059342048168182782e-01
5.059727983474731072e-01
5.059617233276366699e-01
5.059321660995483860e-01
5.059879221916199210e-01
5.059460315704346067e-01
5.059554138183594008e-01
5.059375009536742906e-01
5.059311368465423397e-01
5.059663262367248837e-01
5.059208970069885014e-01
5.059354472160338956e-01
5.059424595832824334e-01
5.059612383842467809e-01
5.059278988838196156e-01
5.059361996650695303e-01
5.059350008964538237e-01
5.059722495079040927e-01
5.059326953887939293e-01
5.059459447860717995e-01
5.059703791141509921e-01
5.059721002578735360e-01
5.059306118488311466e-01
5.059331092834472576e-01
5.059347264766692609e-01
5.059291434288024636e-01
5.059607872962951225e-01
5.059387500286102179e-01
5.059689028263092414e-01
5.059627938270568892e-01
5.059365444183349103e-01
5.059425563812255389e-01
5.059553794860839337e-01
5.059308214187622221e-01
5.059986538887023544e-01
5.059300694465637127e-01
5.059454002380371351e-01
5.059347844123840421e-01
5.059517831802368137e-01
5.059270067214965971e-01
5.060015258789062331e-01
5.059552779197692418e-01
5.059235806465148810e-01
5.059210164546966704e-01
5.059242265224457302e-01
5.059341053962707058e-01
5.059356856346129971e-01
5.059315552711486363e-01
5.059505724906920854e-01
5.059824872016907005e-01
5.059361271858214826e-01
5.059250202178955380e-01
5.059237060546875053e-01
5.059299321174621777e-01
5.059314069747924414e-01
5.059439027309418080e-01
5.059125981330871991e-01
5.059411907196045277e-01
5.059609348773956849e-01
5.059387707710265580e-01
5.059750151634215820e-01
5.059257936477661310e-01
5.059389810562133771e-01
5.059543962478637580e-01
5.059311552047729421e-01
5.059615197181701607e-01
5.059172573089599778e-01
5.059193627834319695e-01
5.059303908348083967e-01
5.059481697082519602e-01
5.059348936080932946e-01
5.059344208240509344e-01
5.059310111999512083e-01
5.059331073760986452e-01
5.059172601699829519e-01
5.059278492927551385e-01
5.059303946495056215e-01
5.059546985626220961e-01
5.059254164695740075e-01
5.059168233871459419e-01
5.059487333297729705e-01
5.059374938011169665e-01
5.059352023601532133e-01
5.059917244911193990e-01
5.059416961669921387e-01
5.059537985324860099e-01
5.059321174621581596e-01
5.059313383102417294e-01
5.059272029399871640e-01
5.059884219169616948e-01
5.059239678382873029e-01
5.059490208625793128e-01
5.059503045082092143e-01
5.059410343170166469e-01
5.059320459365844735e-01
5.059292397499084437e-01
5.059873590469360360e-01
5.059610424041748322e-01
5.059201970100403178e-01
5.059388394355773810e-01
5.059424748420715545e-01
5.059299252033233607e-01
5.059283556938171111e-01
5.059295268058776607e-01
5.059228053092956756e-01
5.059639816284179359e-01
5.059682831764221733e-01
5.059301762580871165e-01
5.059207015037536781e-01
5.059756398200988547e-01
5.059499859809875044e-01
5.059297623634337882e-01
5.059391989707946458e-01
5.059433808326720960e-01
5.059199333190917969e-01
5.059380660057067880e-01
5.059371550083160418e-01
5.059327306747436470e-01
5.059515213966370162e-01
5.059181380271912110e-01
5.059240169525146547e-01
5.059728140830993537e-01
5.059442510604857945e-01
5.059047093391418892e-01
5.059468188285827228e-01
5.059392833709717152e-01
5.059359307289124086e-01
5.059517917633056250e-01
5.059537820816040199e-01
5.059573998451233345e-01
5.059400272369384277e-01
5.059384670257568439e-01
5.059556348323821506e-01
5.059453372955322603e-01
5.059350528717041495e-01
5.059664192199706534e-01
5.059492754936217862e-01
5.059599771499633247e-01
5.059362907409667987e-01
5.059509427547455029e-01
5.059152915477752588e-01
5.059223403930663832e-01
5.059577732086181223e-01
5.059409708976745357e-01
5.059412307739258319e-01
5.059368896484375266e-01
5.059874992370605451e-01
5.059571094512939071e-01
5.059307966232299281e-01
5.059725890159606498e-01
5.059158711433410227e-01
5.059693036079406792e-01
5.059276256561279217e-01
5.059430646896362349e-01
5.059200105667114311e-01
5.059524009227752694e-01
5.059414296150207546e-01
5.059763860702514160e-01
