7.917499999999999538e-01
7.960000000000000409e-01
7.960000000000000409e-01
7.960000000000000409e-01
7.960000000000000409e-01
7.960000000000000409e-01
7.960000000000000409e-01
7.960000000000000409e-01
7.960000000000000409e-01
7.960000000000000409e-01
7.961249999999999716e-01
8.148750000000000160e-01
8.186250000000000471e-01
8.215000000000000080e-01
8.253749999999999698e-01
8.285000000000000142e-01
8.285000000000000142e-01
8.299999999999999600e-01
8.312500000000000444e-01
8.325000000000000178e-01
8.318750000000000311e-01
8.326249999999999485e-01
8.336249999999999494e-01
8.341250000000000053e-01
8.345000000000000195e-01
8.358750000000000346e-01
8.333749999999999769e-01
8.333749999999999769e-01
8.352500000000000480e-01
8.353749999999999787e-01
8.372500000000000497e-01
8.359999999999999654e-01
8.357499999999999929e-01
8.382500000000000506e-01
8.366249999999999520e-01
8.357499999999999929e-01
8.375000000000000222e-01
8.376249999999999529e-01
8.378750000000000364e-01
8.375000000000000222e-01
8.382500000000000506e-01
8.385000000000000231e-01
8.379999999999999671e-01
8.382500000000000506e-01
8.377499999999999947e-01
8.377499999999999947e-01
8.378750000000000364e-01
8.382500000000000506e-01
8.377499999999999947e-01
8.379999999999999671e-01
8.377499999999999947e-01
8.379999999999999671e-01
8.376249999999999529e-01
8.387499999999999956e-01
8.382500000000000506e-01
8.372500000000000497e-01
8.379999999999999671e-01
8.379999999999999671e-01
8.381250000000000089e-01
8.378750000000000364e-01
8.373749999999999805e-01
8.393749999999999822e-01
8.373749999999999805e-01
8.381250000000000089e-01
8.379999999999999671e-01
8.382500000000000506e-01
8.383749999999999813e-01
8.378750000000000364e-01
8.386249999999999538e-01
8.375000000000000222e-01
8.378750000000000364e-01
8.381250000000000089e-01
8.383749999999999813e-01
8.373749999999999805e-01
8.386249999999999538e-01
8.378750000000000364e-01
8.361250000000000071e-01
8.385000000000000231e-01
8.381250000000000089e-01
8.378750000000000364e-01
8.375000000000000222e-01
8.379999999999999671e-01
8.388750000000000373e-01
8.378750000000000364e-01
8.389999999999999680e-01
8.378750000000000364e-01
8.382500000000000506e-01
8.376249999999999529e-01
8.383749999999999813e-01
8.388750000000000373e-01
8.381250000000000089e-01
8.391250000000000098e-01
8.376249999999999529e-01
8.379999999999999671e-01
8.381250000000000089e-01
8.373749999999999805e-01
8.386249999999999538e-01
8.386249999999999538e-01
8.372500000000000497e-01
8.379999999999999671e-01
8.383749999999999813e-01
8.379999999999999671e-01
8.387499999999999956e-01
8.385000000000000231e-01
8.373749999999999805e-01
8.379999999999999671e-01
8.392500000000000515e-01
8.376249999999999529e-01
8.382500000000000506e-01
8.372500000000000497e-01
8.389999999999999680e-01
8.389999999999999680e-01
8.387499999999999956e-01
8.396249999999999547e-01
8.377499999999999947e-01
8.386249999999999538e-01
8.376249999999999529e-01
8.397499999999999964e-01
8.379999999999999671e-01
8.385000000000000231e-01
8.386249999999999538e-01
8.396249999999999547e-01
8.385000000000000231e-01
8.389999999999999680e-01
8.382500000000000506e-01
8.379999999999999671e-01
8.393749999999999822e-01
8.392500000000000515e-01
8.381250000000000089e-01
8.399999999999999689e-01
8.383749999999999813e-01
8.387499999999999956e-01
8.381250000000000089e-01
8.377499999999999947e-01
8.396249999999999547e-01
8.395000000000000240e-01
8.378750000000000364e-01
8.389999999999999680e-01
8.385000000000000231e-01
8.389999999999999680e-01
8.386249999999999538e-01
8.379999999999999671e-01
8.387499999999999956e-01
8.376249999999999529e-01
8.391250000000000098e-01
8.389999999999999680e-01
8.391250000000000098e-01
8.393749999999999822e-01
8.381250000000000089e-01
8.385000000000000231e-01
8.385000000000000231e-01
8.397499999999999964e-01
8.389999999999999680e-01
8.382500000000000506e-01
8.387499999999999956e-01
8.381250000000000089e-01
8.383749999999999813e-01
8.389999999999999680e-01
8.391250000000000098e-01
8.401250000000000107e-01
8.385000000000000231e-01
8.388750000000000373e-01
8.389999999999999680e-01
8.397499999999999964e-01
8.396249999999999547e-01
8.391250000000000098e-01
8.383749999999999813e-01
8.386249999999999538e-01
8.389999999999999680e-01
8.387499999999999956e-01
8.389999999999999680e-01
8.388750000000000373e-01
8.395000000000000240e-01
8.389999999999999680e-01
8.386249999999999538e-01
8.383749999999999813e-01
8.402500000000000524e-01
8.388750000000000373e-01
8.383749999999999813e-01
8.377499999999999947e-01
8.387499999999999956e-01
8.377499999999999947e-01
8.391250000000000098e-01
8.383749999999999813e-01
8.396249999999999547e-01
8.389999999999999680e-01
8.385000000000000231e-01
8.381250000000000089e-01
8.387499999999999956e-01
8.391250000000000098e-01
8.388750000000000373e-01
8.392500000000000515e-01
8.385000000000000231e-01
8.387499999999999956e-01
8.386249999999999538e-01
8.382500000000000506e-01
8.392500000000000515e-01
8.383749999999999813e-01
8.395000000000000240e-01
8.393749999999999822e-01
