7.941249999999999698e-01
7.960000000000000409e-01
7.960000000000000409e-01
7.960000000000000409e-01
7.960000000000000409e-01
7.960000000000000409e-01
7.960000000000000409e-01
7.960000000000000409e-01
7.960000000000000409e-01
7.960000000000000409e-01
7.960000000000000409e-01
7.960000000000000409e-01
7.960000000000000409e-01
7.960000000000000409e-01
7.960000000000000409e-01
7.960000000000000409e-01
7.960000000000000409e-01
7.960000000000000409e-01
7.960000000000000409e-01
7.960000000000000409e-01
7.960000000000000409e-01
7.960000000000000409e-01
7.960000000000000409e-01
7.960000000000000409e-01
7.960000000000000409e-01
7.960000000000000409e-01
7.960000000000000409e-01
8.063749999999999529e-01
8.212500000000000355e-01
8.226250000000000506e-01
8.237499999999999822e-01
8.238750000000000240e-01
8.266250000000000542e-01
8.276250000000000551e-01
8.278750000000000275e-01
8.286249999999999449e-01
8.298750000000000293e-01
8.302500000000000435e-01
8.301250000000000018e-01
8.306249999999999467e-01
8.309999999999999609e-01
8.312500000000000444e-01
8.317499999999999893e-01
8.318750000000000311e-01
8.321250000000000036e-01
8.322500000000000453e-01
8.326249999999999485e-01
8.322500000000000453e-01
8.322500000000000453e-01
8.321250000000000036e-01
8.323749999999999760e-01
8.322500000000000453e-01
8.337499999999999911e-01
8.329999999999999627e-01
8.336249999999999494e-01
8.327499999999999902e-01
8.337499999999999911e-01
8.335000000000000187e-01
8.332500000000000462e-01
8.345000000000000195e-01
8.338750000000000329e-01
8.331250000000000044e-01
8.331250000000000044e-01
8.342500000000000471e-01
8.327499999999999902e-01
8.336249999999999494e-01
8.322500000000000453e-01
8.328750000000000320e-01
8.329999999999999627e-01
8.319999999999999618e-01
8.328750000000000320e-01
8.329999999999999627e-01
8.331250000000000044e-01
8.335000000000000187e-01
8.339999999999999636e-01
8.327499999999999902e-01
8.335000000000000187e-01
8.323749999999999760e-01
8.335000000000000187e-01
8.342500000000000471e-01
8.329999999999999627e-01
8.339999999999999636e-01
8.345000000000000195e-01
8.338750000000000329e-01
8.346249999999999503e-01
8.343749999999999778e-01
8.352500000000000480e-01
8.351250000000000062e-01
8.349999999999999645e-01
8.356249999999999512e-01
8.345000000000000195e-01
8.346249999999999503e-01
8.362500000000000488e-01
8.357499999999999929e-01
8.351250000000000062e-01
8.355000000000000204e-01
8.346249999999999503e-01
8.348750000000000338e-01
8.357499999999999929e-01
8.355000000000000204e-01
8.352500000000000480e-01
8.359999999999999654e-01
8.353749999999999787e-01
8.356249999999999512e-01
8.358750000000000346e-01
8.357499999999999929e-01
8.359999999999999654e-01
8.345000000000000195e-01
8.362500000000000488e-01
8.363749999999999796e-01
8.367499999999999938e-01
8.349999999999999645e-01
8.361250000000000071e-01
8.363749999999999796e-01
8.358750000000000346e-01
8.359999999999999654e-01
8.358750000000000346e-01
8.365000000000000213e-01
8.363749999999999796e-01
8.362500000000000488e-01
8.365000000000000213e-01
8.349999999999999645e-01
8.353749999999999787e-01
8.361250000000000071e-01
8.358750000000000346e-01
8.365000000000000213e-01
8.356249999999999512e-01
8.367499999999999938e-01
8.369999999999999662e-01
8.363749999999999796e-01
8.373749999999999805e-01
8.367499999999999938e-01
8.368750000000000355e-01
8.389999999999999680e-01
8.382500000000000506e-01
8.367499999999999938e-01
8.369999999999999662e-01
8.393749999999999822e-01
8.381250000000000089e-01
8.383749999999999813e-01
8.385000000000000231e-01
8.383749999999999813e-01
8.396249999999999547e-01
8.387499999999999956e-01
8.396249999999999547e-01
8.387499999999999956e-01
8.396249999999999547e-01
8.396249999999999547e-01
8.395000000000000240e-01
8.399999999999999689e-01
8.403749999999999831e-01
8.399999999999999689e-01
8.407499999999999973e-01
8.399999999999999689e-01
8.412500000000000533e-01
8.407499999999999973e-01
8.412500000000000533e-01
8.421250000000000124e-01
8.409999999999999698e-01
8.407499999999999973e-01
8.426249999999999574e-01
8.422500000000000542e-01
8.422500000000000542e-01
8.436249999999999583e-01
8.443749999999999867e-01
8.441250000000000142e-01
8.443749999999999867e-01
8.461250000000000160e-01
8.453749999999999876e-01
8.466249999999999609e-01
8.438750000000000417e-01
8.475000000000000311e-01
8.461250000000000160e-01
8.471250000000000169e-01
8.473749999999999893e-01
8.499999999999999778e-01
8.512499999999999512e-01
8.523749999999999938e-01
8.545000000000000373e-01
8.539999999999999813e-01
8.543749999999999956e-01
8.567500000000000115e-01
8.559999999999999831e-01
8.563749999999999973e-01
8.575000000000000400e-01
8.571250000000000258e-01
8.597500000000000142e-01
8.596249999999999725e-01
8.613750000000000018e-01
8.609999999999999876e-01
8.606249999999999734e-01
8.609999999999999876e-01
8.617500000000000160e-01
8.617500000000000160e-01
8.625000000000000444e-01
8.632499999999999618e-01
8.637500000000000178e-01
8.638749999999999485e-01
8.628749999999999476e-01
8.626249999999999751e-01
