6.841402330398559384e-01
6.353850994110107342e-01
4.713636741638183580e-01
4.442628228664398105e-01
4.395666799545288050e-01
4.368688106536865456e-01
4.354617519378662371e-01
4.341645307540893395e-01
4.330942945480346640e-01
4.323423798084258807e-01
4.315922131538391104e-01
4.312728595733642534e-01
4.310468418598175089e-01
4.303684453964233270e-01
4.300820953845977956e-01
4.295387458801269709e-01
4.293196983337402295e-01
4.287177126407623051e-01
4.281957108974456805e-01
4.279778664112091069e-01
4.274236040115356183e-01
4.271567869186401190e-01
4.265478968620300404e-01
4.258809647560119482e-01
4.254934329986572172e-01
4.250673065185546773e-01
4.243480787277221777e-01
4.238966794013976913e-01
4.233049950599670486e-01
4.225903668403625524e-01
4.221944346427917716e-01
4.215559992790222088e-01
4.208414230346679830e-01
4.201961903572082324e-01
4.197260155677795535e-01
4.190071570873260542e-01
4.184833197593689214e-01
4.177487230300903076e-01
4.170068416595458793e-01
4.162506134510040035e-01
4.159369556903839138e-01
4.153028273582458629e-01
4.149191751480102441e-01
4.143978157043456956e-01
4.138146021366119198e-01
4.130833172798156760e-01
4.124308652877807790e-01
4.123016552925110045e-01
4.119806506633758580e-01
4.112926211357116890e-01
4.106763110160827623e-01
4.103200554847717396e-01
4.097606072425842294e-01
4.094525501728057959e-01
4.090508446693420508e-01
4.087431151866912638e-01
4.083225877285003858e-01
4.081936600208282417e-01
4.076028251647949019e-01
4.074626474380493302e-01
4.071101231575012247e-01
4.070520462989807298e-01
4.066763284206390550e-01
4.064772679805755407e-01
4.060919220447540279e-01
4.060462791919708381e-01
4.054326958656310764e-01
4.051578388214111537e-01
4.051878919601440421e-01
4.045759854316711701e-01
4.042870292663574006e-01
4.042129929065704230e-01
4.039190607070922701e-01
4.038663492202758665e-01
4.039261693954467880e-01
4.034062545299529901e-01
4.030127382278442250e-01
4.033083777427673433e-01
4.027051720619201913e-01
4.030619928836822741e-01
4.031793153285980202e-01
4.023636596202850302e-01
4.022556958198547639e-01
4.022137005329132209e-01
4.021231644153595020e-01
4.019031009674072230e-01
4.020430665016174188e-01
4.020845196247100906e-01
4.015194916725158825e-01
4.011354045867919771e-01
4.014055309295654350e-01
4.012764515876769966e-01
4.011428894996643124e-01
4.010053973197936772e-01
4.004582066535949947e-01
4.007982592582702841e-01
4.007722537517547368e-01
4.005882971286773842e-01
4.008223104476928977e-01
4.003494133949279665e-01
4.001041550636291744e-01
4.006622991561889502e-01
4.003698711395263787e-01
4.002916669845580921e-01
4.002874929904937651e-01
4.001742546558380020e-01
4.002019844055175746e-01
4.001378984451293697e-01
3.999029707908630105e-01
3.998679845333099614e-01
3.996759293079376052e-01
3.996095800399780407e-01
3.999854884147643896e-01
4.001562311649322634e-01
3.998627996444701904e-01
3.996759929656982235e-01
3.997316958904266193e-01
3.993626523017883567e-01
3.992953047752380580e-01
3.992869811058044616e-01
3.992519133090973171e-01
3.994931890964508181e-01
3.993819072246551638e-01
3.993818359374999849e-01
3.991771922111511106e-01
3.993106098175048801e-01
3.992931184768676589e-01
3.991351594924926749e-01
3.990471973419189577e-01
3.994491641521453751e-01
3.990893971920013161e-01
3.990220966339111386e-01
3.991518440246581978e-01
3.989999003410339418e-01
3.988657469749450901e-01
3.988635268211364604e-01
3.988781321048736617e-01
3.986924571990966837e-01
3.988841440677642902e-01
3.988732767105102606e-01
3.986332111358642516e-01
3.984703571796417432e-01
3.990397996902465549e-01
3.986784300804138148e-01
3.985742685794830265e-01
3.988665354251861306e-01
3.985747060775756689e-01
3.987087686061859260e-01
3.985489714145660223e-01
3.985393962860107608e-01
3.990393643379211430e-01
3.983468220233917223e-01
3.985324993133544935e-01
3.985614488124847310e-01
3.983440704345703187e-01
3.982936358451843462e-01
3.982980105876922639e-01
3.985123376846313459e-01
3.984143950939178502e-01
3.984259538650512522e-01
3.981384868621826167e-01
3.982019686698913818e-01
3.978764278888702322e-01
3.984143085479736057e-01
3.980846481323241925e-01
3.979876885414123655e-01
3.982712202072143381e-01
3.979686369895935050e-01
3.986343924999237176e-01
3.982481842041015740e-01
3.984664187431335436e-01
3.980639219284057839e-01
3.979592623710632160e-01
3.982562901973724090e-01
3.977757227420806729e-01
3.977664909362793044e-01
3.985230653285980473e-01
3.979619398117065221e-01
3.978081793785095410e-01
3.978700981140136927e-01
3.978711102008819500e-01
3.977165536880493124e-01
3.977379906177520574e-01
3.982040333747863814e-01
3.977786259651184264e-01
3.978457622528075999e-01
3.982721827030181738e-01
3.977096018791198562e-01
3.978036923408508341e-01
3.976090373992919869e-01
3.978435201644897612e-01
3.977486388683318941e-01
3.976618595123290745e-01
3.976961989402770792e-01
3.979500830173492432e-01
3.976308956146240026e-01
3.977488262653350870e-01
3.975203042030334699e-01
3.978141565322875772e-01
3.973234415054321400e-01
