6.824806079864501607e-01
6.333666915893554350e-01
5.301780543327331285e-01
4.715038201808929297e-01
4.490235362052917290e-01
4.392751998901366917e-01
4.346295144557952850e-01
4.322562861442565962e-01
4.309809288978576625e-01
4.300985381603241176e-01
4.291900823116302499e-01
4.282662501335143812e-01
4.276460728645324894e-01
4.268653466701507471e-01
4.261035022735595867e-01
4.255970680713653809e-01
4.249836449623107804e-01
4.242734341621399174e-01
4.236065526008606086e-01
4.230452239513396995e-01
4.224184379577636816e-01
4.216350865364074663e-01
4.210043954849242986e-01
4.204335632324218697e-01
4.197125124931335716e-01
4.191134350299834943e-01
4.184092984199523912e-01
4.177674741744994980e-01
4.171223478317260813e-01
4.166941761970520131e-01
4.159896674156188801e-01
4.154879183769226159e-01
4.151036558151245393e-01
4.145177402496337815e-01
4.141066346168518209e-01
4.135506701469421342e-01
4.131074776649474867e-01
4.126787366867065154e-01
4.122679147720336723e-01
4.118630747795105074e-01
4.113185572624206698e-01
4.110645136833190882e-01
4.106731796264648238e-01
4.103626394271850386e-01
4.100451614856719940e-01
4.095519397258758354e-01
4.093741347789764395e-01
4.090029706954956268e-01
4.087615079879760582e-01
4.082567174434661994e-01
4.081039662361145015e-01
4.078057880401611546e-01
4.075081226825714165e-01
4.072395939826965461e-01
4.070262668132781925e-01
4.069669194221496311e-01
4.064189479351043577e-01
4.061936411857605123e-01
4.059730656147003125e-01
4.059065055847168035e-01
4.054059736728668484e-01
4.051939611434936528e-01
4.048477597236633252e-01
4.047158927917480220e-01
4.045338273048401101e-01
4.043461759090423713e-01
4.040361776351928946e-01
4.037944941520690834e-01
4.039227924346923682e-01
4.035775647163390989e-01
4.033908200263977006e-01
4.031600904464721635e-01
4.029676294326782204e-01
4.028406515121459863e-01
4.025472173690796129e-01
4.025582015514374001e-01
4.024580466747283980e-01
4.021027815341949307e-01
4.018449890613555731e-01
4.017677814960479710e-01
4.015638370513915922e-01
4.013248348236084229e-01
4.012758302688598788e-01
4.009744210243225138e-01
4.008277935981750528e-01
4.009473881721496435e-01
4.007179718017578329e-01
4.003649783134460294e-01
4.002311384677886830e-01
4.002229626178741562e-01
4.003999338150024401e-01
3.999486546516418661e-01
3.998201668262481578e-01
3.994742078781127748e-01
3.994570970535278320e-01
3.992662682533263951e-01
3.992215561866760409e-01
3.989764435291290323e-01
3.987697780132293812e-01
3.986060972213745224e-01
3.985242247581481934e-01
3.983572678565979186e-01
3.982629134654998571e-01
3.982164576053619509e-01
3.979451332092285298e-01
3.978008608818054403e-01
3.975845379829406889e-01
3.975166680812835529e-01
3.976878833770751687e-01
3.973473467826843519e-01
3.971426987648010165e-01
3.972525818347931170e-01
3.969127998352050546e-01
3.967150154113769367e-01
3.968397173881531015e-01
3.969242453575134166e-01
3.966515779495239369e-01
3.964534852504730256e-01
3.962249548435211044e-01
3.962972998619079812e-01
3.960983994007110653e-01
3.961233379840850555e-01
3.959425265789032200e-01
3.959966716766357697e-01
3.959703569412231228e-01
3.958551957607269189e-01
3.956802341938018830e-01
3.957327976226806543e-01
3.954124579429626474e-01
3.952756404876708873e-01
3.952687420845031885e-01
3.951646959781646706e-01
3.950841963291168435e-01
3.948454580307007022e-01
3.947384862899780411e-01
3.947727479934692307e-01
3.943977727890014551e-01
3.943957002162933323e-01
3.943040442466735906e-01
3.940743708610534579e-01
3.937518062591552903e-01
3.934404082298278982e-01
3.932561421394348278e-01
3.930805418491363779e-01
3.924891731739044154e-01
3.925552015304565323e-01
3.921310048103332502e-01
3.919734482765197536e-01
3.915112533569335973e-01
3.911245465278625488e-01
3.908100142478942995e-01
3.906162106990814231e-01
3.904930825233459690e-01
3.900653376579284459e-01
3.897596817016601434e-01
3.893152177333831787e-01
3.888624391555786097e-01
3.886092028617859073e-01
3.884547884464263912e-01
3.877418680191039857e-01
3.873140349388122794e-01
3.868917851448059331e-01
3.863737676143646493e-01
3.859867680072784357e-01
3.853618323802948109e-01
3.842931642532348424e-01
3.836762526035308873e-01
3.825158116817474196e-01
3.810003666877746498e-01
3.792823920249939196e-01
3.773428258895873966e-01
3.752582845687866264e-01
3.727443282604217534e-01
3.698928480148315212e-01
3.672999501228332297e-01
3.649569520950317614e-01
3.627784676551819021e-01
3.601936392784118590e-01
3.580537099838256854e-01
3.558514738082885764e-01
3.539003353118896356e-01
3.520777649879455740e-01
3.500949680805206521e-01
3.482095010280609193e-01
3.465523059368133540e-01
3.453925728797912487e-01
3.439582812786102228e-01
3.428718924522399791e-01
3.418137371540069802e-01
3.407633035182953130e-01
3.398062601089477663e-01
3.389929988384247084e-01
3.383921880722046138e-01
3.374141907691955433e-01
3.367086844444274751e-01
3.361005177497863872e-01
3.353693013191222927e-01
3.348418991565704217e-01
3.345528573989868248e-01
3.337048501968383762e-01
