7.926250000000000240e-01
7.960000000000000409e-01
7.960000000000000409e-01
7.960000000000000409e-01
7.960000000000000409e-01
7.960000000000000409e-01
7.960000000000000409e-01
7.960000000000000409e-01
7.960000000000000409e-01
7.960000000000000409e-01
7.960000000000000409e-01
7.960000000000000409e-01
7.960000000000000409e-01
7.960000000000000409e-01
7.960000000000000409e-01
7.960000000000000409e-01
7.960000000000000409e-01
7.960000000000000409e-01
7.960000000000000409e-01
7.960000000000000409e-01
7.960000000000000409e-01
7.960000000000000409e-01
7.960000000000000409e-01
7.960000000000000409e-01
7.960000000000000409e-01
7.960000000000000409e-01
7.960000000000000409e-01
7.960000000000000409e-01
7.960000000000000409e-01
7.960000000000000409e-01
8.077499999999999680e-01
8.146250000000000435e-01
8.152500000000000302e-01
8.157499999999999751e-01
8.176250000000000462e-01
8.189999999999999503e-01
8.192500000000000338e-01
8.202500000000000346e-01
8.216250000000000497e-01
8.233749999999999680e-01
8.245000000000000107e-01
8.247499999999999831e-01
8.258750000000000258e-01
8.277499999999999858e-01
8.282500000000000417e-01
8.287499999999999867e-01
8.286249999999999449e-01
8.297499999999999876e-01
8.297499999999999876e-01
8.305000000000000160e-01
8.315000000000000169e-01
8.326249999999999485e-01
8.325000000000000178e-01
8.327499999999999902e-01
8.336249999999999494e-01
8.341250000000000053e-01
8.341250000000000053e-01
8.338750000000000329e-01
8.351250000000000062e-01
8.353749999999999787e-01
8.366249999999999520e-01
8.361250000000000071e-01
8.356249999999999512e-01
8.368750000000000355e-01
8.361250000000000071e-01
8.365000000000000213e-01
8.362500000000000488e-01
8.368750000000000355e-01
8.369999999999999662e-01
8.372500000000000497e-01
8.366249999999999520e-01
8.369999999999999662e-01
8.363749999999999796e-01
8.366249999999999520e-01
8.359999999999999654e-01
8.368750000000000355e-01
8.362500000000000488e-01
8.361250000000000071e-01
8.356249999999999512e-01
8.376249999999999529e-01
8.368750000000000355e-01
8.367499999999999938e-01
8.368750000000000355e-01
8.362500000000000488e-01
8.359999999999999654e-01
8.355000000000000204e-01
8.362500000000000488e-01
8.368750000000000355e-01
8.361250000000000071e-01
8.362500000000000488e-01
8.367499999999999938e-01
8.361250000000000071e-01
8.353749999999999787e-01
8.359999999999999654e-01
8.372500000000000497e-01
8.363749999999999796e-01
8.368750000000000355e-01
8.367499999999999938e-01
8.362500000000000488e-01
8.369999999999999662e-01
8.365000000000000213e-01
8.366249999999999520e-01
8.366249999999999520e-01
8.367499999999999938e-01
8.373749999999999805e-01
8.357499999999999929e-01
8.368750000000000355e-01
8.356249999999999512e-01
8.363749999999999796e-01
8.367499999999999938e-01
8.369999999999999662e-01
8.356249999999999512e-01
8.365000000000000213e-01
8.356249999999999512e-01
8.361250000000000071e-01
8.358750000000000346e-01
8.355000000000000204e-01
8.363749999999999796e-01
8.362500000000000488e-01
8.369999999999999662e-01
8.362500000000000488e-01
8.361250000000000071e-01
8.355000000000000204e-01
8.365000000000000213e-01
8.358750000000000346e-01
8.363749999999999796e-01
8.372500000000000497e-01
8.367499999999999938e-01
8.369999999999999662e-01
8.363749999999999796e-01
8.356249999999999512e-01
8.363749999999999796e-01
8.356249999999999512e-01
8.367499999999999938e-01
8.358750000000000346e-01
8.361250000000000071e-01
8.365000000000000213e-01
8.365000000000000213e-01
8.355000000000000204e-01
8.351250000000000062e-01
8.367499999999999938e-01
8.353749999999999787e-01
8.361250000000000071e-01
8.349999999999999645e-01
8.357499999999999929e-01
8.348750000000000338e-01
8.348750000000000338e-01
8.346249999999999503e-01
8.357499999999999929e-01
8.365000000000000213e-01
8.355000000000000204e-01
8.352500000000000480e-01
8.357499999999999929e-01
8.362500000000000488e-01
8.353749999999999787e-01
8.359999999999999654e-01
8.361250000000000071e-01
8.362500000000000488e-01
8.361250000000000071e-01
8.362500000000000488e-01
8.352500000000000480e-01
8.348750000000000338e-01
8.339999999999999636e-01
8.338750000000000329e-01
8.356249999999999512e-01
8.349999999999999645e-01
8.356249999999999512e-01
8.353749999999999787e-01
8.357499999999999929e-01
8.351250000000000062e-01
8.353749999999999787e-01
8.349999999999999645e-01
8.353749999999999787e-01
8.361250000000000071e-01
8.343749999999999778e-01
8.347499999999999920e-01
8.348750000000000338e-01
8.342500000000000471e-01
8.359999999999999654e-01
8.353749999999999787e-01
8.349999999999999645e-01
8.352500000000000480e-01
8.349999999999999645e-01
8.348750000000000338e-01
8.355000000000000204e-01
8.343749999999999778e-01
8.349999999999999645e-01
8.361250000000000071e-01
8.345000000000000195e-01
8.347499999999999920e-01
8.349999999999999645e-01
8.343749999999999778e-01
8.356249999999999512e-01
8.353749999999999787e-01
8.348750000000000338e-01
8.356249999999999512e-01
8.336249999999999494e-01
8.345000000000000195e-01
8.342500000000000471e-01
8.338750000000000329e-01
