6.825695676803589240e-01
6.491782751083373659e-01
5.600349397659302175e-01
4.693711967468261470e-01
4.484022939205169478e-01
4.380778169631958097e-01
4.329505462646484615e-01
4.309964165687560911e-01
4.294928650856018049e-01
4.284152235984802215e-01
4.276836528778076296e-01
4.268322334289550990e-01
4.257068030834197936e-01
4.245680618286132857e-01
4.233386483192443928e-01
4.222223529815674059e-01
4.207887396812439174e-01
4.192714006900787327e-01
4.182379064559936799e-01
4.172351846694946076e-01
4.168104603290557764e-01
4.159720358848572053e-01
4.147465534210205140e-01
4.143338646888732879e-01
4.138582067489623983e-01
4.127004435062408549e-01
4.129775924682617116e-01
4.112773802280426105e-01
4.117087895870208958e-01
4.109713137149810791e-01
4.103769350051880149e-01
4.098108806610107346e-01
4.096020469665527242e-01
4.091268744468689045e-01
4.081669664382934770e-01
4.080652387142181259e-01
4.076619277000427255e-01
4.070074791908264156e-01
4.060237681865692116e-01
4.062947497367858651e-01
4.060694806575775306e-01
4.049310188293456791e-01
4.047914547920227202e-01
4.044515619277954110e-01
4.047799949645995987e-01
4.047109074592590283e-01
4.030995242595672434e-01
4.034430313110351496e-01
4.026278948783874601e-01
4.026549799442291078e-01
4.017310161590575968e-01
4.013902492523193088e-01
4.009540920257568253e-01
4.009666495323181423e-01
4.002080354690552011e-01
4.001398351192474445e-01
4.001097550392150870e-01
3.995175375938415652e-01
3.989485540390014795e-01
3.991984105110168435e-01
3.986494097709655793e-01
3.984981088638305802e-01
3.986534094810486040e-01
3.981241052150726323e-01
3.975041608810424565e-01
3.975054545402527117e-01
3.978682198524475244e-01
3.975010044574737722e-01
3.973875219821930149e-01
3.968652589321136626e-01
3.968962891101837087e-01
3.970591552257538015e-01
3.960399007797241189e-01
3.964011695384979106e-01
3.970709371566772394e-01
3.960768866539001731e-01
3.958143525123596351e-01
3.963992245197295872e-01
3.963109483718871839e-01
3.954668741226196049e-01
3.953518412113189440e-01
3.949532151222229226e-01
3.945476336479187274e-01
3.951265530586242636e-01
3.947487444877624263e-01
3.949214725494384903e-01
3.944194033145904665e-01
3.948936181068420370e-01
3.943698363304138366e-01
3.943096823692321951e-01
3.942161972522735813e-01
3.945627164840698198e-01
3.940187258720397878e-01
3.938544871807098113e-01
3.959892683029174743e-01
3.937722330093383905e-01
3.941886482238769474e-01
3.950598311424255438e-01
3.944665360450744784e-01
3.934928116798400710e-01
3.939892177581786892e-01
3.936827478408813641e-01
3.933111939430236625e-01
3.931365880966186666e-01
3.928355305194854985e-01
3.933342287540435578e-01
3.930029118061065807e-01
3.933137135505676008e-01
3.926597247123718160e-01
3.931528549194335809e-01
3.927878909111022776e-01
3.930223884582519367e-01
3.927224314212798828e-01
3.927987947463989493e-01
3.929537520408630247e-01
3.925471668243408208e-01
3.927359473705291926e-01
3.924607884883880571e-01
3.924987530708313188e-01
3.920404174327850599e-01
3.933450188636779532e-01
3.920054225921630886e-01
3.928624026775360267e-01
3.923662843704223691e-01
3.921047329902648815e-01
3.924629943370819274e-01
3.917059061527252140e-01
3.917708468437194891e-01
3.911654467582702521e-01
3.920731520652770974e-01
3.915734589099884033e-01
3.913456554412841903e-01
3.917507190704345721e-01
3.913721079826354976e-01
3.915562582015991167e-01
3.911369943618774325e-01
3.909472427368164138e-01
3.904765777587890785e-01
3.901455445289611634e-01
3.901722710132599081e-01
3.898880486488342512e-01
3.891106946468353422e-01
3.883528490066528449e-01
3.883861336708068768e-01
3.876992745399475138e-01
3.875607962608337287e-01
3.871074666976928591e-01
3.863756177425384797e-01
3.856066856384277597e-01
3.845441589355468870e-01
3.834107527732849019e-01
3.824023239612579506e-01
3.816797046661377091e-01
3.808878455162048593e-01
3.796614944934845193e-01
3.784458858966827655e-01
3.765039720535278134e-01
3.758886566162109588e-01
3.739682886600494416e-01
3.709886207580566642e-01
3.696395716667175146e-01
3.676456022262573065e-01
3.640869088172912771e-01
3.630395128726959242e-01
3.596608448028564275e-01
3.574512206315994534e-01
3.562246904373169154e-01
3.551459100246429634e-01
3.536734867095947532e-01
3.535123529434204270e-01
3.508742570877075306e-01
3.512084105014801061e-01
3.498895015716552703e-01
3.520722143650055203e-01
3.480343461036682351e-01
3.472108833789825377e-01
3.466326882839202983e-01
3.467404820919036679e-01
3.468161847591400004e-01
3.461953985691070823e-01
3.449052672386169194e-01
3.443261873722076594e-01
3.431701571941375706e-01
3.427522494792938357e-01
3.438267025947570610e-01
3.430832328796386554e-01
3.438285386562347501e-01
3.426241726875305371e-01
3.444173259735107684e-01
3.419302709102630677e-01
3.411141188144684033e-01
3.419955148696899316e-01
3.406904222965240203e-01
3.401849403381347892e-01
3.405807456970214586e-01
3.411341304779052508e-01
3.397631332874297971e-01
3.406450908184051607e-01
3.401994986534118692e-01
3.394507124423980504e-01
