6.845632209777832156e-01
6.672714290618896316e-01
6.514198989868164036e-01
6.368208441734314329e-01
6.234380021095276003e-01
6.112169518470763618e-01
6.001209154129028001e-01
5.899895443916320925e-01
5.808292193412780691e-01
5.725234479904174334e-01
5.649786982536315616e-01
5.581763725280761701e-01
5.520681638717651607e-01
5.465450687408447417e-01
5.415717058181762633e-01
5.371841778755187535e-01
5.332033841609954417e-01
5.296885395050048295e-01
5.265596270561218040e-01
5.237857031822205078e-01
5.213407721519470739e-01
5.191959629058837677e-01
5.172952733039856144e-01
5.156494793891907014e-01
5.142010529041289857e-01
5.129334273338317374e-01
5.118352422714232963e-01
5.108978004455566602e-01
5.100809340476989417e-01
5.093911261558532466e-01
5.088064651489258017e-01
5.083038406372070162e-01
5.078725581169127867e-01
5.075169279575347803e-01
5.072200717926025337e-01
5.069586048126221156e-01
5.067590651512146049e-01
5.065895562171935929e-01
5.064469110965729159e-01
5.063232121467590163e-01
5.062352943420410645e-01
5.061565485000610876e-01
5.060956492424011355e-01
5.060523757934570765e-01
5.060182905197143644e-01
5.059892835617065820e-01
5.059663457870483549e-01
5.059527192115783611e-01
5.059439578056335041e-01
5.059361300468444567e-01
5.059293656349181934e-01
5.059253873825073633e-01
5.059168329238891149e-01
5.059119119644165385e-01
5.059083318710326793e-01
5.059122326374053680e-01
5.059057002067566255e-01
5.059129519462585156e-01
5.059025430679321422e-01
5.059006640911102304e-01
5.059028682708740510e-01
5.059036707878112882e-01
5.059083452224731881e-01
5.059102511405945135e-01
5.059029912948608265e-01
5.059091453552245765e-01
5.059064779281615687e-01
5.059070973396301296e-01
5.059075369834900027e-01
5.059068074226379386e-01
5.059002399444579856e-01
5.059218292236328240e-01
5.058974757194518723e-01
5.059075212478637562e-01
5.059073805809021218e-01
5.059045205116271537e-01
5.059113793373107848e-01
5.059192786216736293e-01
5.059027144908905260e-01
5.059069061279296564e-01
5.059042143821715909e-01
5.059048833847046289e-01
5.059083142280578205e-01
5.059115114212036080e-01
5.059159350395202592e-01
5.059056921005249396e-01
5.059144105911255185e-01
5.059125461578368732e-01
5.059025778770446236e-01
5.059072113037109686e-01
5.059020133018493626e-01
5.059057893753051705e-01
5.059151878356933363e-01
5.059053797721863033e-01
5.059103693962097026e-01
5.059081945419311444e-01
5.059153046607971493e-01
5.059062728881835724e-01
5.059062952995300178e-01
5.059151887893676980e-01
5.059086871147155939e-01
5.059048771858215554e-01
5.059024057388306073e-01
5.059107913970947168e-01
5.059162995815277286e-01
5.059241456985473784e-01
5.059154310226440243e-01
5.059148635864257892e-01
5.059113211631774965e-01
5.059033832550048349e-01
5.059057717323303116e-01
5.059126644134521733e-01
5.059111347198486097e-01
5.059436883926391459e-01
5.059085650444030691e-01
5.059104924201964781e-01
5.059197821617126278e-01
5.059096903800964773e-01
5.059118077754974907e-01
5.059027147293090332e-01
5.059107012748718102e-01
5.059059786796570313e-01
5.059172067642211390e-01
5.059122366905212109e-01
5.059067835807800062e-01
5.059178051948547417e-01
5.059055919647217348e-01
5.059137592315673393e-01
5.059168462753296236e-01
5.059099907875060920e-01
5.059107863903045121e-01
5.059155230522155433e-01
5.059177608489989764e-01
5.059097042083740003e-01
5.059063258171081490e-01
5.059046249389648198e-01
5.059113965034485183e-01
5.059087574481964111e-01
5.059061827659606658e-01
5.059050512313842951e-01
5.059072647094726705e-01
5.059110469818115519e-01
5.059236612319946147e-01
5.059164028167724148e-01
5.059216585159301838e-01
5.059151544570922310e-01
5.059117975234985742e-01
5.059045915603637145e-01
5.059094567298889622e-01
5.059158694744110285e-01
5.059111361503600968e-01
5.059171633720398464e-01
5.059087142944336257e-01
5.059140462875366673e-01
5.059049410820006809e-01
5.059338617324828924e-01
5.058997039794921324e-01
5.059101247787475275e-01
5.059225764274597470e-01
5.059080858230591282e-01
5.059356527328491282e-01
5.059104747772217303e-01
5.059095177650451136e-01
5.059084134101867747e-01
5.059307599067688344e-01
5.059151711463928391e-01
5.059084496498107431e-01
5.059044528007506925e-01
5.059068064689635769e-01
5.059136743545532555e-01
5.059191389083862456e-01
5.059153370857238929e-01
5.059085600376128644e-01
5.059057559967040651e-01
5.059086599349975621e-01
5.059062891006469442e-01
5.059121303558349325e-01
5.059028017520904585e-01
5.059137649536132875e-01
5.059118146896361967e-01
5.059319298267364040e-01
5.059002110958099596e-01
5.059203562736511728e-01
5.059089679718017374e-01
5.059145722389221111e-01
5.059075484275817880e-01
5.059082033634185738e-01
5.059149737358092924e-01
5.059165060520172119e-01
5.059122290611267614e-01
5.059059782028197949e-01
5.059109401702880371e-01
5.059052414894104066e-01
5.059099183082580442e-01
5.059093384742736621e-01
5.059173669815063556e-01
5.059224457740784109e-01
5.059064660072326580e-01
5.059126949310303045e-01
5.059040036201477575e-01
