7.960000000000000409e-01
7.960000000000000409e-01
7.960000000000000409e-01
7.960000000000000409e-01
7.960000000000000409e-01
7.960000000000000409e-01
7.960000000000000409e-01
7.960000000000000409e-01
7.960000000000000409e-01
7.960000000000000409e-01
7.960000000000000409e-01
7.960000000000000409e-01
7.960000000000000409e-01
7.960000000000000409e-01
7.960000000000000409e-01
7.960000000000000409e-01
7.960000000000000409e-01
7.960000000000000409e-01
7.960000000000000409e-01
7.960000000000000409e-01
7.960000000000000409e-01
8.133749999999999591e-01
8.286249999999999449e-01
8.311250000000000027e-01
8.298750000000000293e-01
8.311250000000000027e-01
8.332500000000000462e-01
8.311250000000000027e-01
8.335000000000000187e-01
8.328750000000000320e-01
8.331250000000000044e-01
8.325000000000000178e-01
8.327499999999999902e-01
8.333749999999999769e-01
8.343749999999999778e-01
8.337499999999999911e-01
8.323749999999999760e-01
8.329999999999999627e-01
8.347499999999999920e-01
8.347499999999999920e-01
8.346249999999999503e-01
8.352500000000000480e-01
8.353749999999999787e-01
8.358750000000000346e-01
8.358750000000000346e-01
8.358750000000000346e-01
8.355000000000000204e-01
8.366249999999999520e-01
8.367499999999999938e-01
8.361250000000000071e-01
8.366249999999999520e-01
8.375000000000000222e-01
8.375000000000000222e-01
8.363749999999999796e-01
8.361250000000000071e-01
8.361250000000000071e-01
8.361250000000000071e-01
8.367499999999999938e-01
8.363749999999999796e-01
8.367499999999999938e-01
8.385000000000000231e-01
8.378750000000000364e-01
8.365000000000000213e-01
8.369999999999999662e-01
8.367499999999999938e-01
8.385000000000000231e-01
8.368750000000000355e-01
8.358750000000000346e-01
8.368750000000000355e-01
8.369999999999999662e-01
8.389999999999999680e-01
8.373749999999999805e-01
8.378750000000000364e-01
8.383749999999999813e-01
8.362500000000000488e-01
8.385000000000000231e-01
8.387499999999999956e-01
8.389999999999999680e-01
8.371250000000000080e-01
8.393749999999999822e-01
8.398750000000000382e-01
8.385000000000000231e-01
8.386249999999999538e-01
8.385000000000000231e-01
8.383749999999999813e-01
8.375000000000000222e-01
8.385000000000000231e-01
8.386249999999999538e-01
8.379999999999999671e-01
8.395000000000000240e-01
8.379999999999999671e-01
8.379999999999999671e-01
8.391250000000000098e-01
8.397499999999999964e-01
8.377499999999999947e-01
8.396249999999999547e-01
8.403749999999999831e-01
8.383749999999999813e-01
8.381250000000000089e-01
8.392500000000000515e-01
8.378750000000000364e-01
8.401250000000000107e-01
8.391250000000000098e-01
8.381250000000000089e-01
8.409999999999999698e-01
8.398750000000000382e-01
8.403749999999999831e-01
8.405000000000000249e-01
8.386249999999999538e-01
8.391250000000000098e-01
8.401250000000000107e-01
8.388750000000000373e-01
8.386249999999999538e-01
8.388750000000000373e-01
8.382500000000000506e-01
8.399999999999999689e-01
8.403749999999999831e-01
8.403749999999999831e-01
8.381250000000000089e-01
8.391250000000000098e-01
8.399999999999999689e-01
8.403749999999999831e-01
8.372500000000000497e-01
8.398750000000000382e-01
8.396249999999999547e-01
8.388750000000000373e-01
8.382500000000000506e-01
8.395000000000000240e-01
8.409999999999999698e-01
8.368750000000000355e-01
8.409999999999999698e-01
8.406249999999999556e-01
8.395000000000000240e-01
8.398750000000000382e-01
8.391250000000000098e-01
8.401250000000000107e-01
8.406249999999999556e-01
8.409999999999999698e-01
8.421250000000000124e-01
8.399999999999999689e-01
8.411250000000000115e-01
8.415000000000000258e-01
8.421250000000000124e-01
8.422500000000000542e-01
8.441250000000000142e-01
8.427499999999999991e-01
8.435000000000000275e-01
8.427499999999999991e-01
8.421250000000000124e-01
8.423749999999999849e-01
8.417499999999999982e-01
8.432500000000000551e-01
8.452499999999999458e-01
8.427499999999999991e-01
8.433749999999999858e-01
8.419999999999999707e-01
8.446249999999999591e-01
8.463749999999999885e-01
8.461250000000000160e-01
8.479999999999999760e-01
8.463749999999999885e-01
8.489999999999999769e-01
8.479999999999999760e-01
8.477500000000000036e-01
8.507500000000000062e-01
8.518750000000000488e-01
8.525000000000000355e-01
8.531250000000000222e-01
8.537500000000000089e-01
8.523749999999999938e-01
8.558750000000000524e-01
8.548750000000000515e-01
8.563749999999999973e-01
8.545000000000000373e-01
8.573749999999999982e-01
8.559999999999999831e-01
8.563749999999999973e-01
8.582499999999999574e-01
8.588750000000000551e-01
8.581250000000000266e-01
8.566249999999999698e-01
8.571250000000000258e-01
8.593750000000000000e-01
8.581250000000000266e-01
8.593750000000000000e-01
8.586249999999999716e-01
8.587500000000000133e-01
8.581250000000000266e-01
8.591250000000000275e-01
8.585000000000000409e-01
8.577500000000000124e-01
8.597500000000000142e-01
8.595000000000000417e-01
8.588750000000000551e-01
8.601250000000000284e-01
8.616249999999999742e-01
8.612499999999999600e-01
8.599999999999999867e-01
8.597500000000000142e-01
8.622499999999999609e-01
