6.801025638580322497e-01
6.033883891105651376e-01
4.665852036476135223e-01
4.460576143264770588e-01
4.374412455558777113e-01
4.323589797019958270e-01
4.292374041080475044e-01
4.265136029720306143e-01
4.247308154106140266e-01
4.230049600601196169e-01
4.215119152069091712e-01
4.202399425506591624e-01
4.186351935863494855e-01
4.175731587409973189e-01
4.165498447418212735e-01
4.157165627479553205e-01
4.152170281410217378e-01
4.146206166744232369e-01
4.137685146331787078e-01
4.135237932205200195e-01
4.130289640426635933e-01
4.125032863616943102e-01
4.117863602638244802e-01
4.111818652153015341e-01
4.106261088848113805e-01
4.098135094642639253e-01
4.098057329654693492e-01
4.092200574874877983e-01
4.086211791038513175e-01
4.080756733417510995e-01
4.077365105152130353e-01
4.071640470027923508e-01
4.065409147739410534e-01
4.062122721672057901e-01
4.060084376335144074e-01
4.050681412220001332e-01
4.049698257446289196e-01
4.042702775001525972e-01
4.038537507057189946e-01
4.035210890769958536e-01
4.036110882759094132e-01
4.028251047134399632e-01
4.027492077350616206e-01
4.021552109718322665e-01
4.018194587230682346e-01
4.018626365661621125e-01
4.010917308330536057e-01
4.007936282157897878e-01
4.009804260730743253e-01
4.003753240108490208e-01
4.004250369071960525e-01
3.997129168510437092e-01
3.991568293571471915e-01
3.992540915012359748e-01
3.994902498722076589e-01
3.989063341617584135e-01
3.984460241794586244e-01
3.981959168910980118e-01
3.983418774604797208e-01
3.979681715965270872e-01
3.975457944869995042e-01
3.973830935955047772e-01
3.975287785530090545e-01
3.971658649444579914e-01
3.969432919025421280e-01
3.980527515411376727e-01
3.963843832015991331e-01
3.968060646057128826e-01
3.961950104236602876e-01
3.961318321228027295e-01
3.961609973907470605e-01
3.956088488101959233e-01
3.956092519760132098e-01
3.952586693763732728e-01
3.957919423580169571e-01
3.950989389419555797e-01
3.953329877853393737e-01
3.949242885112762558e-01
3.958830859661102153e-01
3.946166391372680771e-01
3.946914081573486555e-01
3.944115414619445703e-01
3.944045109748840483e-01
3.942598609924316544e-01
3.939791421890258549e-01
3.943664460182190190e-01
3.947937629222869615e-01
3.947702755928039764e-01
3.935240917205810596e-01
3.935109076499939129e-01
3.935259928703307986e-01
3.935623919963836537e-01
3.941292333602905429e-01
3.924756212234496999e-01
3.927990241050720033e-01
3.927026739120483279e-01
3.930500452518463361e-01
3.918319759368896760e-01
3.918687453269958376e-01
3.913156955242156898e-01
3.905223205089569105e-01
3.898648843765258887e-01
3.896098997592926105e-01
3.891443238258361914e-01
3.877937226295471440e-01
3.865761187076568461e-01
3.843092861175537167e-01
3.827083663940429870e-01
3.802086327075958061e-01
3.781086912155151580e-01
3.740228259563446178e-01
3.716689021587371577e-01
3.688294286727905047e-01
3.655438079833984166e-01
3.624270546436310081e-01
3.595842623710632235e-01
3.582828562259673943e-01
3.558536047935486057e-01
3.545083141326904053e-01
3.536180140972137176e-01
3.525125825405120983e-01
3.524528503417968528e-01
3.512523322105407519e-01
3.514785041809082022e-01
3.494004659652710232e-01
3.486924433708191162e-01
3.492761313915252464e-01
3.477058472633361985e-01
3.473558411598205442e-01
3.474873425960540718e-01
3.466476678848266491e-01
3.460865733623504914e-01
3.471217391490936111e-01
3.456691541671753076e-01
3.455800840854644784e-01
3.448928308486938210e-01
3.455057170391082622e-01
3.449990410804748553e-01
3.439123282432556272e-01
3.447980034351348921e-01
3.446807074546813787e-01
3.429197659492492778e-01
3.431899268627166544e-01
3.426777396202087544e-01
3.420144989490508936e-01
3.422106888294220162e-01
3.427270565032958793e-01
3.418873665332794465e-01
3.425074782371521076e-01
3.412767326831817605e-01
3.426413121223449432e-01
3.414573836326599277e-01
3.411767570972442654e-01
3.411212229728698975e-01
3.401525616645812988e-01
3.409433584213256707e-01
3.404611902236938659e-01
3.406447753906249876e-01
3.397219252586364813e-01
3.402714090347290221e-01
3.399972159862518217e-01
3.403934614658355451e-01
3.399533834457397208e-01
3.395934984683990354e-01
3.394549632072448864e-01
3.398939757347106960e-01
3.400418763160705793e-01
3.390932583808898837e-01
3.394830839633941610e-01
3.391433892250060866e-01
3.385846023559570539e-01
3.390758407115936346e-01
3.379424052238464427e-01
3.384765291213989169e-01
3.381212246417999445e-01
3.383194036483764822e-01
3.391685128211975320e-01
3.375433342456817809e-01
3.378436031341552903e-01
3.375618536472320685e-01
3.381241099834442210e-01
3.366098654270172075e-01
3.371819434165954643e-01
3.379758832454681228e-01
3.375448021888732830e-01
3.387913544178008940e-01
3.373777184486388969e-01
3.379306406974792454e-01
3.373549201488494909e-01
3.379040210247039600e-01
3.377111043930053902e-01
3.377121168375015192e-01
3.373191535472869762e-01
3.366796402931213628e-01
3.376438415050506681e-01
3.368810091018676900e-01
3.368830897808074987e-01
3.371159729957580731e-01
3.370046074390411484e-01
3.370503509044647239e-01
