6.769661946296692268e-01
5.867425689697265412e-01
4.702292935848236266e-01
4.407232367992401367e-01
4.350510964393615732e-01
4.323910756111145059e-01
4.304358348846435423e-01
4.287160816192626678e-01
4.265310690402984717e-01
4.247227220535278458e-01
4.228710095882415865e-01
4.208076963424682848e-01
4.188783671855926261e-01
4.170711922645569114e-01
4.149712224006653072e-01
4.137530918121337664e-01
4.122414019107818461e-01
4.109604408740997195e-01
4.097110228538513033e-01
4.086684842109680194e-01
4.077668652534484628e-01
4.068141760826110565e-01
4.060981349945068097e-01
4.053568062782287873e-01
4.046589322090148877e-01
4.039048018455505540e-01
4.033624172210693581e-01
4.024208893775940155e-01
4.018771007061004430e-01
4.013089151382446262e-01
4.003608994483947581e-01
4.000478544235229750e-01
3.996180710792541779e-01
3.989466886520385835e-01
3.985630469322204439e-01
3.985685138702392827e-01
3.980492086410522545e-01
3.974136390686034970e-01
3.969650053977966109e-01
3.968742952346801522e-01
3.964369711875915803e-01
3.959337019920349254e-01
3.960777697563171440e-01
3.952766418457031028e-01
3.954075827598571569e-01
3.950959067344665399e-01
3.947210397720337105e-01
3.944257805347442525e-01
3.943509602546692028e-01
3.938572354316711155e-01
3.939095783233642623e-01
3.935936210155487336e-01
3.932774429321289067e-01
3.932160074710845943e-01
3.929888710975646959e-01
3.928333821296691730e-01
3.927553687095642343e-01
3.927752108573913659e-01
3.928796439170837429e-01
3.924683431386947752e-01
3.925210180282592831e-01
3.923916430473327610e-01
3.919034881591796915e-01
3.919602241516113028e-01
3.921471552848815878e-01
3.915628585815429941e-01
3.914808065891265954e-01
3.918253889083862518e-01
3.915999813079834024e-01
3.915949697494506831e-01
3.912952785491943253e-01
3.911019091606139919e-01
3.909350745677948047e-01
3.910886843204498531e-01
3.908697109222412092e-01
3.908719007968902703e-01
3.907659492492675524e-01
3.914399006366729994e-01
3.905065460205078276e-01
3.906111946105956800e-01
3.910224008560180819e-01
3.904455657005310165e-01
3.908437623977661368e-01
3.903684563636779514e-01
3.905025999546051230e-01
3.902754950523376620e-01
3.902093205451965252e-01
3.902280268669128249e-01
3.900555136203766038e-01
3.900116579532623140e-01
3.903326759338379137e-01
3.901213858127594025e-01
3.900584137439727650e-01
3.900874302387237758e-01
3.904031314849853440e-01
3.899535334110260099e-01
3.898249874114990132e-01
3.899498100280761603e-01
3.898734123706817378e-01
3.896154675483703422e-01
3.902223904132843257e-01
3.897003641128540252e-01
3.895575439929961914e-01
3.896373143196105726e-01
3.898905577659607102e-01
3.897424113750457830e-01
3.893914761543273984e-01
3.894693794250488339e-01
3.898119544982910356e-01
3.894072794914245628e-01
3.893759026527404687e-01
3.895435798168182528e-01
3.892057003974914720e-01
3.896104106903076070e-01
3.894503545761108243e-01
3.893676648139953733e-01
3.895277414321899334e-01
3.894078798294067223e-01
3.891948928833007804e-01
3.891466593742370361e-01
3.893829884529113605e-01
3.895042958259582466e-01
3.896529211997986075e-01
3.895342297554015842e-01
3.892929182052612402e-01
3.891275119781494318e-01
3.891813282966613552e-01
3.891411228179931792e-01
3.890949745178222674e-01
3.888365807533263885e-01
3.890760526657104368e-01
3.891348340511321946e-01
3.890252978801727046e-01
3.892656636238098211e-01
3.890159587860107515e-01
3.891464653015136443e-01
3.888262743949890132e-01
3.889786517620086870e-01
3.887082796096801851e-01
3.895867755413055522e-01
3.893796985149383660e-01
3.893626630306243896e-01
3.892193195819854679e-01
3.889763779640197927e-01
3.888204526901244962e-01
3.889344696998596196e-01
3.884959840774536155e-01
3.890152027606963991e-01
3.889046401977538925e-01
3.891016759872436559e-01
3.892205240726470672e-01
3.886926095485687127e-01
3.893457243442535187e-01
3.890220990180969229e-01
3.886813097000121897e-01
3.884696485996246285e-01
3.888171691894531379e-01
3.887660272121429283e-01
3.889611468315124498e-01
3.886662263870239165e-01
3.888566749095916930e-01
3.886783163547515851e-01
3.888719575405120699e-01
3.886155519485473553e-01
3.888458209037780611e-01
3.885922477245331019e-01
3.887536964416503649e-01
3.887512688636780012e-01
3.885272097587585405e-01
3.887786571979522932e-01
3.888458619117736714e-01
3.887132575511932364e-01
3.888216824531555149e-01
3.886124222278595219e-01
3.887643201351165811e-01
3.886389496326446702e-01
3.888408608436584313e-01
3.887579336166381849e-01
3.885463812351226953e-01
3.884716858863830335e-01
3.884829306602478050e-01
3.887803659439086901e-01
3.886347980499267329e-01
3.886781015396117978e-01
3.885432367324829217e-01
3.885367269515991318e-01
3.889049434661865368e-01
3.887329261302948091e-01
3.886202785968780327e-01
3.884782631397247221e-01
3.886100516319274667e-01
3.882996046543121249e-01
3.883660378456115780e-01
3.887902183532714884e-01
3.884216709136962820e-01
3.887690696716308847e-01
3.889000558853149547e-01
3.887663540840148868e-01
3.883209819793700945e-01
3.887051441669464036e-01
